#731604245: 70,52,51,35,68,53,41,10,48,15,3,2,17,80,22,63,45,34,7,25,19,44,42,50,67,73,43,9,26,69,60,49,77,27,75,23,57,20,76,65,16,5,61,24,58,6,54,4,32,21,12,55,72,38,8,14,31,39,37,62,56,74,47,36,18,59,1,64,79,78,66,33,71,40,28,13,46,30,29,11
#1076653843: 8,69,43,17,36,21,57,67,20,63,33,78,74,29,49,46,6,31,53,68,51,5,9,40,77,2,1,27,58,55,71,22,47,25,15,39,65,37,62,70,11,19,44,16,42,66,56,34,59,10,26,23,54,80,79,4,41,72,76,30,13,28,50,75,35,32,52,7,3,48,18,61,14,24,60,45,64,38,12,73
#1199867500: 63,36,67,13,65,34,12,42,72,33,77,73,27,26,5,35,24,2,66,50,41,21,74,59,58,17,28,1,6,19,70,37,10,56,29,32,3,38,61,30,51,20,43,78,49,52,25,71,44,11,62,75,80,53,64,23,22,7,60,40,31,15,79,57,46,76,55,54,8,4,48,9,39,69,47,16,68,14,45,18
#1235371654: 55,23,20,13,67,79,41,35,69,24,8,29,66,51,75,32,70,27,65,31,4,34,18,56,3,19,10,72,74,45,44,53,1,59,38,21,5,39,33,64,17,48,42,76,60,43,22,80,28,37,36,7,9,71,62,78,25,63,47,77,50,16,54,11,49,6,30,15,52,73,57,12,46,40,2,14,68,61,58,26
#1293846388: 27,20,14,71,70,22,29,79,45,23,38,12,77,8,49,33,31,44,41,64,18,34,57,30,39,74,9,46,75,26,78,76,21,68,56,19,65,66,1,53,28,80,15,16,62,25,13,60,5,3,55,6,35,72,7,42,51,24,47,63,17,40,37,50,48,32,73,4,69,43,58,36,2,52,59,11,10,67,61,54
#1330368623: 11,59,76,25,73,53,20,24,17,18,44,19,23,46,55,14,41,80,45,31,30,78,47,32,7,66,69,48,71,68,39,27,2,21,52,77,38,16,72,6,75,9,65,43,4,29,60,79,54,42,13,10,33,12,15,74,49,34,3,51,50,36,1,40,67,26,35,58,62,37,63,64,57,61,28,8,56,5,22,70
#1336493177: 21,78,37,55,34,28,64,67,68,70,15,4,8,36,16,9,61,57,18,30,43,50,71,25,59,19,49,48,2,41,46,76,7,23,52,54,42,12,6,1,80,75,69,39,27,29,58,74,5,35,40,79,33,32,62,22,56,10,31,38,51,63,24,20,72,65,45,73,77,66,11,13,14,17,53,47,26,44,3,60
#1474377241: 1,35,47,13,19,77,70,63,64,51,26,52,56,57,39,43,33,22,28,61,16,79,41,27,66,5,7,3,60,9,49,6,36,58,50,67,12,71,44,73,8,37,10,69,14,31,23,45,75,32,72,21,78,74,76,15,54,40,2,65,20,53,59,48,38,42,24,25,29,55,30,17,18,11,4,62,68,34,46,80
#1550311456: 24,20,30,31,80,55,37,72,2,66,17,49,4,58,43,62,16,71,52,39,13,47,21,22,48,75,78,28,8,63,35,70,41,69,27,5,14,45,74,25,56,7,36,67,76,54,12,40,11,46,18,73,53,3,6,33,59,60,34,68,42,29,10,65,19,38,23,77,32,64,15,79,9,44,26,1,50,51,61,57
#1586851620: 49,17,74,33,69,67,35,76,54,4,34,71,30,13,37,1,42,23,25,57,11,28,19,55,43,21,65,8,36,41,75,59,29,3,79,66,9,50,63,61,20,18,31,72,15,2,78,52,22,6,40,45,73,16,60,38,26,62,53,70,24,56,58,39,80,44,68,51,10,47,77,27,5,46,14,12,48,7,64,32
#1912902308: 25,39,48,78,66,4,47,44,65,69,62,54,9,49,11,38,22,35,75,2,55,1,29,24,23,41,17,67,76,18,7,28,36,31,61,8,68,10,21,51,30,60,71,13,73,20,50,45,53,74,63,5,14,64,40,58,57,52,80,26,79,6,46,59,43,70,32,72,27,19,12,16,37,34,77,15,3,33,42,56
#1914380105: 5,21,68,69,28,56,59,40,62,8,45,24,51,27,66,61,48,39,77,11,6,50,3,29,10,44,32,35,80,47,43,79,72,14,16,23,7,17,55,63,18,26,64,74,58,65,67,9,2,38,34,1,46,49,37,71,52,78,31,75,70,4,42,33,20,15,54,30,57,36,73,19,41,22,25,53,12,13,60,76
#1918184547: 79,21,19,9,34,40,54,17,5,67,43,37,16,35,28,56,30,18,80,50,68,73,70,78,57,59,20,71,15,48,36,49,52,42,4,26,75,7,12,58,23,69,74,6,55,77,39,29,32,45,33,66,10,61,22,24,3,11,8,13,31,1,63,51,25,53,46,65,44,38,14,76,64,27,41,47,72,62,60,2
#1947518906: 40,73,22,50,15,77,80,24,25,51,43,39,78,17,13,6,10,33,35,28,45,67,34,12,16,61,72,63,21,37,5,62,70,55,29,49,54,58,2,7,74,79,23,27,32,52,26,11,19,76,44,60,18,9,20,65,69,47,14,36,53,46,48,71,75,68,64,3,42,38,30,56,57,1,4,66,31,59,8,41
#2246889000: 11,4,76,54,44,51,28,69,26,25,34,6,52,31,14,68,59,62,33,40,66,43,61,79,74,9,35,10,57,65,3,60,42,32,18,1,64,23,8,45,36,73,58,17,80,63,49,39,21,78,16,24,71,46,72,7,2,20,38,15,41,48,19,22,13,67,50,29,75,47,56,55,12,53,30,37,27,5,77,70
#2465127498: 33,11,25,7,61,71,13,47,40,75,3,29,55,30,49,45,72,54,53,21,76,80,19,50,64,22,8,14,79,42,4,63,43,66,44,35,65,69,58,57,24,23,12,16,46,37,15,38,18,77,39,2,67,73,59,17,31,62,1,5,60,28,27,9,36,32,51,26,52,78,6,41,34,68,10,20,74,56,70,48
#2631521848: 37,46,75,30,15,68,55,25,52,1,7,67,40,21,76,9,20,4,59,31,71,34,33,39,64,79,24,45,54,62,73,18,16,69,11,49,38,78,53,58,23,28,3,43,32,70,12,65,63,8,19,27,36,57,2,17,42,48,47,10,50,22,77,61,72,5,60,41,14,74,80,29,56,26,13,66,51,6,35,44
#2657343823: 75,30,69,14,43,21,19,18,61,2,36,73,44,42,65,64,9,40,58,24,4,48,54,50,56,70,34,28,74,26,68,3,52,10,15,49,1,59,35,5,76,46,22,80,32,66,71,29,78,13,55,7,53,47,11,25,31,27,33,77,57,23,41,72,17,16,39,37,8,45,79,20,63,62,60,38,67,12,51,6
#2842647785: 37,43,68,51,26,61,41,15,7,1,58,8,11,9,25,62,78,34,63,76,67,27,17,52,42,60,71,35,45,59,79,57,77,31,6,32,48,69,16,28,53,65,12,33,49,75,50,4,24,2,22,36,46,10,21,39,29,64,54,14,5,18,47,3,19,56,72,70,73,23,80,74,66,40,20,55,30,13,38,44
#2844225875: 55,47,16,56,13,72,67,33,10,79,27,76,46,31,74,12,38,23,18,15,4,44,62,32,17,22,60,36,52,1,75,42,53,73,3,41,51,24,70,20,61,11,57,30,40,78,8,28,39,6,80,29,45,21,59,64,49,19,37,77,66,63,58,43,69,7,50,35,5,54,2,71,48,14,9,68,25,65,34,26
#3140314651: 44,52,67,6,27,42,57,79,72,20,19,15,41,65,17,68,5,58,21,4,63,1,51,45,56,49,7,31,43,48,35,55,78,69,10,22,47,53,8,70,11,73,28,34,59,71,12,3,26,46,33,38,50,74,32,25,36,30,80,18,77,60,23,76,13,64,16,40,66,62,61,9,2,24,39,54,75,14,29,37
#3226047289: 38,47,3,19,45,39,65,26,71,80,12,66,13,63,52,50,14,70,6,59,53,41,79,56,17,46,5,30,23,32,9,21,33,37,27,73,24,74,4,20,61,77,7,57,8,54,44,48,60,72,49,58,51,76,35,64,25,2,40,28,22,75,11,67,31,29,18,68,15,69,1,10,55,16,42,36,62,78,34,43
#3352855009: 40,44,13,19,60,78,47,9,55,12,25,2,61,27,65,77,33,57,43,74,64,11,51,75,15,14,49,5,42,8,59,46,28,58,52,63,71,50,80,36,45,1,31,10,18,29,23,53,35,22,73,39,76,32,67,66,6,30,70,17,7,38,24,48,4,16,54,20,79,56,69,26,72,34,3,21,62,68,37,41
#3438910615: 59,2,34,31,15,37,11,56,68,8,24,33,38,72,28,52,32,78,19,69,77,64,67,30,10,41,42,61,54,75,60,58,55,18,46,74,5,80,16,45,36,65,1,76,7,35,63,26,23,21,6,27,20,39,40,71,51,14,17,4,12,62,3,49,29,53,9,43,48,57,73,13,25,70,44,66,50,47,79,22
#3543941607: 43,67,25,49,74,62,23,6,8,4,60,47,44,65,36,42,11,68,9,26,15,24,3,52,63,51,79,33,69,54,53,17,76,80,59,31,40,46,61,71,10,20,35,41,50,22,1,5,64,28,27,12,48,2,30,18,29,78,57,66,55,72,13,70,39,45,16,37,34,21,77,73,75,58,19,7,32,56,14,38
#3793772816: 17,44,11,65,63,46,80,27,45,7,4,41,52,55,69,58,14,60,68,28,9,59,66,10,49,2,43,20,76,3,31,48,51,34,6,56,73,42,62,24,57,19,39,8,25,75,47,30,33,50,78,5,61,38,79,32,71,15,22,72,53,13,21,67,23,12,26,29,40,77,74,36,54,1,35,18,16,70,37,64
#3854412040: 77,42,8,17,43,49,35,24,66,23,79,40,7,72,33,5,55,51,52,11,69,25,10,61,36,63,21,62,14,78,6,22,68,54,80,44,53,34,16,31,50,65,47,28,37,1,27,13,59,75,3,67,19,60,18,45,20,71,56,12,70,29,30,26,76,48,9,74,41,2,58,15,57,46,32,38,64,73,39,4
#3907443707: 33,72,59,62,42,2,56,30,15,21,70,43,26,36,1,23,75,40,53,74,69,3,68,31,32,27,76,10,8,18,52,35,64,20,47,14,24,37,65,77,4,16,44,57,67,34,61,17,46,29,63,73,71,5,54,49,50,13,78,12,7,28,41,6,58,80,45,55,38,11,60,66,51,25,79,39,19,22,9,48
#3910298483: 68,17,41,79,24,43,73,49,39,9,71,4,65,23,15,51,35,25,19,47,44,69,54,33,6,18,29,21,59,61,26,7,3,80,53,36,76,67,50,11,70,31,14,5,45,28,1,78,74,55,20,22,60,52,63,75,48,27,12,37,34,62,56,46,30,66,58,16,77,10,72,42,32,8,38,57,2,40,64,13
#4140923588: 51,56,37,35,49,80,59,7,5,66,50,13,10,4,6,48,23,41,55,72,61,29,67,43,3,69,64,62,2,16,70,54,34,36,73,42,18,60,57,53,28,24,21,63,39,8,45,47,27,11,65,79,19,17,12,78,38,14,52,20,9,26,40,58,33,75,77,71,68,31,15,76,74,22,1,32,46,44,25,30
#4151029259: 32,4,71,36,18,59,16,44,57,76,78,39,72,28,46,21,51,70,38,23,29,17,7,80,50,6,56,12,40,55,19,8,67,13,33,2,15,47,20,27,54,61,34,66,79,48,68,14,73,62,26,41,69,25,75,31,1,74,64,52,58,43,11,30,60,35,53,9,42,3,5,24,37,65,22,63,45,10,77,49
#4207463057: 5,34,4,60,42,66,64,36,58,38,62,49,11,40,69,44,80,16,8,22,61,2,35,74,63,72,6,30,28,68,31,29,78,14,24,25,10,26,33,27,54,48,55,71,56,57,67,3,52,50,13,53,51,75,9,18,7,46,79,20,59,73,65,1,37,12,41,70,32,19,43,23,45,17,15,39,21,77,47,76
#4223115591: 40,50,15,60,9,77,1,12,22,52,42,26,53,68,37,75,17,57,47,35,79,58,27,74,11,65,63,38,19,25,48,45,49,5,20,30,10,67,78,8,73,3,14,71,51,61,76,32,36,33,56,62,43,18,16,70,7,54,23,2,46,34,24,64,6,44,13,28,55,39,29,59,69,80,4,72,21,66,31,41
#4388506570: 34,45,6,14,54,61,31,59,71,12,9,60,58,76,18,57,65,25,40,70,3,42,1,77,44,43,13,7,64,79,53,15,49,48,52,30,26,8,35,62,19,46,73,55,51,29,33,32,66,28,2,17,74,68,38,37,4,80,39,78,11,41,56,16,24,63,5,23,21,72,69,10,22,50,20,27,67,75,36,47
#4394247708: 72,37,22,18,25,29,46,79,54,65,31,8,24,69,11,13,67,49,74,6,10,62,80,36,23,60,43,28,64,51,20,3,42,77,15,33,26,40,76,34,47,5,41,55,48,66,4,39,78,61,30,17,53,38,21,58,45,1,19,71,75,7,32,14,68,70,12,57,73,50,16,27,2,35,52,56,63,59,44,9
#4510051585: 63,66,6,49,31,23,30,33,9,17,35,21,74,29,10,67,77,5,45,57,78,19,65,56,79,53,26,43,22,80,27,68,40,39,70,20,34,69,73,44,37,8,12,47,61,11,42,41,13,54,1,59,38,55,28,2,25,16,62,3,24,36,76,4,14,71,52,7,60,46,64,72,48,51,58,50,32,75,15,18
#4519614585: 34,79,6,58,48,31,43,14,71,69,32,41,22,57,36,9,56,55,18,1,3,19,73,66,52,64,68,28,70,4,37,16,20,74,39,35,21,27,51,5,76,30,54,60,46,42,7,61,65,44,77,11,53,13,17,29,15,8,62,78,80,63,26,25,72,45,24,59,40,49,12,10,67,38,50,33,23,75,2,47
#4929616909: 34,11,20,19,31,3,23,39,74,59,36,68,69,65,77,73,49,40,28,38,27,14,75,48,63,72,37,46,55,2,21,24,25,51,5,66,29,1,10,17,64,71,80,52,15,76,30,56,57,60,79,26,35,44,9,18,33,6,67,54,43,53,41,32,8,4,16,12,13,45,22,7,42,58,78,50,62,61,70,47
#5062401606: 4,70,38,18,65,33,67,2,30,34,39,41,49,61,66,36,21,73,26,28,56,5,71,7,80,22,52,27,69,6,78,35,72,57,50,37,23,17,62,13,68,19,64,58,44,31,24,9,46,3,75,12,54,29,59,1,74,10,76,25,53,55,8,60,45,15,20,32,40,42,47,51,79,14,48,16,63,43,11,77
#5079813980: 55,31,59,77,70,44,6,66,29,28,33,32,57,1,14,16,64,12,74,61,51,46,2,36,54,21,23,56,78,19,18,68,5,8,39,10,9,43,47,40,41,34,38,72,71,42,73,76,13,63,62,3,25,58,60,27,45,79,35,30,20,7,69,17,65,67,80,24,49,48,53,52,15,75,37,11,4,22,50,26
#5193301564: 42,73,5,27,33,44,22,67,43,34,68,3,29,65,7,17,11,77,50,80,62,55,51,12,32,72,40,21,36,56,28,57,61,46,18,75,15,71,2,23,58,79,10,66,6,63,35,20,24,53,25,45,60,41,9,49,69,30,26,19,1,31,4,70,64,74,16,52,78,13,47,38,14,59,37,48,54,76,8,39
#5250176686: 54,56,49,1,50,76,34,21,42,73,55,38,59,11,29,17,4,78,16,15,69,63,67,10,36,9,6,68,58,7,79,24,19,20,51,41,37,28,46,48,33,35,53,44,40,30,61,62,57,2,74,23,13,75,72,45,71,14,18,12,66,65,3,77,64,52,70,22,43,26,8,39,60,47,5,31,80,32,25,27
#5269152944: 43,12,42,73,71,78,48,15,20,51,72,23,56,65,49,40,54,14,35,18,17,22,4,13,34,19,24,60,52,7,76,28,36,2,70,1,55,44,6,31,50,75,37,26,80,11,79,45,53,5,74,29,21,57,62,47,68,77,59,64,63,46,67,27,41,32,16,25,58,9,30,61,66,33,3,10,8,39,69,38
#5683523390: 52,72,43,5,28,45,47,22,4,17,25,75,27,62,63,46,7,58,73,78,71,68,37,15,26,65,14,50,2,20,30,32,40,42,57,12,1,48,70,21,60,11,33,80,69,24,39,41,49,51,61,79,31,67,16,55,66,44,13,10,3,8,23,74,35,18,19,54,6,56,64,77,59,34,36,53,76,38,9,29
#5925321136: 23,73,40,6,12,45,21,70,66,39,22,56,48,18,47,68,55,72,24,7,31,14,77,71,80,5,38,19,37,17,65,27,3,79,53,49,46,20,51,52,29,30,61,35,32,28,2,78,54,16,64,44,62,43,76,1,10,4,67,50,74,57,9,26,13,34,63,33,25,59,42,15,11,60,36,69,75,41,8,58
#6031345111: 71,48,43,45,21,11,68,1,15,19,63,49,47,56,58,75,3,52,76,31,42,17,55,4,40,35,72,8,69,27,20,59,2,51,7,67,37,53,24,65,16,57,28,44,14,74,30,79,22,61,54,12,73,9,46,41,77,26,64,39,50,5,29,78,6,23,25,34,32,18,62,66,80,13,70,60,36,38,33,10
#6227606664: 58,29,36,20,75,4,67,25,16,80,31,28,7,44,64,13,62,40,72,39,43,10,18,76,54,49,33,51,59,57,78,21,34,15,11,26,35,79,73,12,69,8,2,46,55,70,66,47,60,3,24,22,30,48,32,27,5,63,71,38,42,9,41,19,68,17,37,74,53,50,1,65,56,14,77,6,61,45,52,23
#6442308514: 15,75,68,49,50,17,35,57,52,61,4,53,3,14,11,71,43,30,39,58,9,36,63,5,44,34,22,54,80,41,65,79,25,62,12,7,73,26,33,21,60,48,55,8,74,69,19,56,2,16,40,1,27,59,47,37,76,18,45,72,23,42,51,38,10,70,67,78,28,77,20,29,24,46,64,31,32,13,6,66
#6567431750: 44,73,62,16,4,49,61,53,27,40,35,67,52,7,38,79,50,10,12,15,76,13,9,22,36,3,56,70,26,47,58,51,42,64,75,1,63,57,48,21,60,33,24,18,80,6,17,39,30,23,34,55,11,25,78,45,59,72,68,5,66,69,71,31,2,43,74,29,14,46,41,54,28,20,32,77,65,19,8,37
#6670161334: 22,44,63,76,19,54,32,57,68,45,17,4,55,8,20,9,74,30,31,1,78,71,41,16,58,48,11,67,12,53,35,66,34,75,79,29,42,25,21,38,43,60,56,39,52,2,6,47,15,46,28,69,14,70,33,23,65,40,10,3,80,50,51,7,72,61,73,26,77,64,36,13,24,49,27,62,5,18,37,59
#6827995636: 40,6,1,72,37,43,47,39,33,18,60,2,73,24,70,26,76,28,68,36,46,15,49,62,30,64,59,77,58,10,61,25,50,54,65,12,14,74,29,3,78,52,7,67,69,16,27,31,56,20,71,23,4,22,17,51,19,32,66,35,45,13,53,5,55,11,57,8,79,21,63,48,42,34,38,44,9,80,75,41
#7101856514: 68,73,16,24,47,18,62,30,17,9,54,74,52,26,22,60,43,3,77,42,61,12,79,15,44,14,58,41,32,75,33,5,31,25,35,70,1,45,28,71,10,53,36,80,11,46,56,50,76,48,6,49,40,23,67,37,66,2,69,20,39,4,78,38,21,59,55,29,7,27,72,64,51,19,63,34,57,65,8,13
#7163809713: 64,72,67,2,55,44,63,5,39,22,33,49,28,31,35,34,12,54,15,41,21,73,1,52,38,65,3,51,77,74,62,20,24,6,68,58,56,70,10,36,45,71,11,25,23,13,75,57,61,19,7,4,30,78,16,43,29,80,8,60,40,66,27,69,47,46,50,53,32,48,59,42,76,18,37,26,79,14,9,17
#7495409869: 59,13,52,35,72,34,21,40,56,67,73,12,77,1,54,42,65,51,11,58,2,38,7,10,50,62,24,63,17,5,55,32,6,36,3,44,33,61,15,28,53,66,20,48,37,78,45,75,49,26,76,64,18,57,19,31,71,74,43,79,23,70,30,16,39,27,80,4,69,8,14,25,41,60,47,9,46,29,68,22
#7553462116: 59,65,33,18,79,44,38,28,14,5,57,64,27,1,25,8,20,26,74,62,41,66,34,51,78,31,72,4,75,11,68,45,39,60,29,46,71,12,32,58,23,49,69,10,35,52,21,42,36,13,70,6,77,9,50,3,30,47,15,40,19,7,55,61,73,56,80,54,17,24,76,67,53,43,37,2,63,48,16,22
#7601077011: 5,16,14,45,64,68,46,30,11,9,26,69,57,43,40,42,79,31,62,54,60,56,32,52,7,78,15,77,61,37,33,58,18,53,1,47,73,71,59,75,6,22,10,8,34,80,28,63,23,48,44,20,4,66,3,74,29,49,25,21,27,19,50,2,39,41,38,24,12,55,72,70,51,35,13,17,36,67,65,76
#7790098107: 32,38,42,69,75,67,46,7,22,8,3,60,68,23,36,30,18,28,17,70,41,72,62,4,65,71,44,79,1,33,54,31,25,66,20,24,26,52,5,34,47,76,29,55,57,61,15,56,50,27,48,80,2,37,10,16,77,19,9,40,11,64,53,63,51,45,58,13,21,78,73,59,74,35,14,6,12,39,43,49
#7921929859: 78,65,29,12,54,8,57,48,19,34,39,49,10,5,79,59,36,60,14,23,63,51,61,66,25,9,43,44,7,77,41,17,13,35,55,70,53,31,1,6,75,80,50,28,11,26,46,68,64,40,4,74,37,38,72,56,15,20,30,18,58,67,21,45,22,2,76,71,32,42,47,62,33,24,73,27,69,52,16,3
#8073321013: 43,77,6,19,15,29,31,42,73,46,61,64,51,5,41,18,74,68,27,16,60,23,10,28,34,67,44,57,56,22,79,80,48,45,32,26,12,3,9,11,70,72,78,69,55,49,36,33,1,2,59,25,24,37,14,47,53,71,58,21,65,54,13,7,63,40,76,30,17,20,35,8,39,50,52,66,62,75,4,38
#8130459446: 43,54,7,71,22,57,52,65,34,50,60,15,72,51,1,35,20,5,11,77,42,68,63,14,2,64,55,8,3,28,69,23,41,19,45,49,75,56,33,37,44,48,25,6,32,36,62,40,58,12,53,78,73,26,17,79,67,18,13,39,4,70,76,61,46,80,30,9,66,21,31,47,16,29,24,59,10,74,27,38
#8197358453: 19,56,17,50,52,76,60,47,11,79,33,72,7,14,42,18,46,61,49,3,16,30,73,40,1,36,23,54,15,22,68,69,77,26,53,24,71,43,75,44,37,6,38,10,57,28,55,4,12,13,59,66,27,58,45,80,41,8,51,65,78,32,20,35,63,39,67,74,9,48,2,70,34,21,5,29,31,64,25,62
#8221911235: 24,23,79,10,59,12,36,67,40,51,53,34,17,80,29,54,19,16,56,72,5,70,63,35,33,3,77,7,49,61,8,66,26,39,75,43,13,44,31,21,60,50,37,68,38,6,42,55,15,73,20,32,74,4,78,48,46,18,11,76,9,25,65,62,27,52,1,64,47,28,30,41,14,45,69,22,71,2,58,57
#8339476350: 60,40,9,3,24,80,46,54,28,62,14,70,7,39,26,61,52,6,65,32,45,34,73,63,30,59,71,37,23,25,15,69,17,68,79,33,4,31,38,76,5,43,50,77,48,2,13,64,12,66,56,58,44,10,22,51,18,8,47,36,49,16,75,29,20,55,42,74,11,67,19,53,27,35,1,57,78,72,41,21
#8464324041: 79,23,11,49,25,44,52,78,31,17,45,22,47,30,77,33,71,24,9,16,75,1,35,40,62,54,67,12,43,42,53,55,7,73,15,18,13,61,76,21,60,5,20,68,63,66,8,74,26,28,39,38,69,14,27,19,41,46,80,6,65,72,57,10,48,4,51,34,59,36,64,50,3,29,37,56,32,70,58,2
#8521296236: 9,79,43,47,52,11,71,6,39,30,35,54,25,67,74,22,20,23,8,33,60,62,50,66,12,55,76,45,68,4,65,28,32,18,64,24,1,3,37,40,41,44,78,80,57,17,63,49,53,16,77,13,36,5,26,69,15,31,19,21,48,73,58,61,59,7,14,56,27,46,51,42,75,10,70,29,34,38,2,72
#8656423193: 49,11,35,77,13,37,24,33,3,38,45,75,19,30,59,18,72,53,80,39,64,16,7,61,54,8,31,56,79,71,76,34,52,40,58,21,67,66,12,55,26,69,15,14,60,23,41,29,47,5,10,2,25,50,73,27,20,74,65,17,42,1,28,9,63,22,51,62,6,36,43,78,48,57,44,68,4,46,70,32
#9509797535: 7,70,20,14,57,46,1,34,55,40,60,64,23,52,42,62,48,38,78,25,59,15,72,75,4,2,68,73,16,45,18,32,10,12,76,54,53,37,30,31,50,51,44,28,27,5,69,71,49,63,36,65,8,13,79,77,6,9,66,22,56,3,43,33,19,39,29,58,17,21,41,26,47,80,35,24,67,61,11,74
#9609655190: 64,53,62,39,8,14,60,4,48,13,36,25,26,69,80,30,43,31,44,16,78,54,52,2,59,74,10,49,34,76,6,24,72,70,18,20,35,58,40,66,15,41,23,46,61,63,11,9,57,75,5,47,32,71,7,22,79,29,27,3,65,37,50,38,51,1,12,55,56,45,68,33,77,21,67,73,42,19,28,17
#9797385598: 45,6,3,34,33,71,57,49,15,31,28,38,52,63,7,64,80,13,65,26,2,62,70,67,20,76,72,21,42,59,77,12,73,37,30,54,41,35,56,58,23,25,46,40,27,51,44,8,69,4,22,39,60,9,5,61,14,11,19,79,55,16,68,1,17,74,18,29,43,53,50,66,32,24,10,48,47,78,75,36
Done. Generated 10000000000 centrally symmetric permutations of length 80, found 69 total 3-inflatable permutation(s).
