#596452602: 53,54,14,23,22,18,9,21,78,46,81,74,34,26,62,50,25,40,37,65,6,10,80,51,44,63,30,79,55,69,58,33,7,11,43,16,35,12,77,67,41,15,5,70,47,66,39,71,75,49,24,13,27,3,52,19,38,31,2,72,76,17,45,42,57,32,20,56,48,8,1,36,4,61,73,64,60,59,68,28,29
#799303253: 42,35,2,49,13,74,25,50,60,73,65,5,37,78,24,1,48,46,54,11,29,51,68,19,66,79,23,67,56,30,7,44,20,21,18,72,70,76,55,39,41,43,27,6,12,10,64,61,62,38,75,52,26,15,59,3,16,63,14,31,53,71,28,36,34,81,58,4,45,77,17,9,22,32,57,8,69,33,80,47,40
#1441678905: 68,8,18,39,72,34,75,32,51,29,27,56,35,70,69,1,6,38,42,17,36,37,67,80,5,59,19,16,57,62,58,79,9,61,11,4,60,30,33,54,41,28,49,52,22,78,71,21,73,3,24,20,25,66,63,23,77,2,15,45,46,65,40,44,76,81,13,12,47,26,55,53,31,50,7,48,10,43,64,74,14
#2652003341: 33,18,68,13,43,27,3,36,40,76,31,78,8,28,45,29,16,59,71,44,77,67,65,81,34,25,10,80,47,9,56,62,50,75,19,21,52,60,12,24,41,58,70,22,30,61,63,7,32,20,26,73,35,2,72,57,48,1,17,15,5,38,11,23,66,53,37,54,74,4,51,6,42,46,79,55,39,69,14,64,49
#2885328879: 11,72,21,58,25,48,70,75,50,29,60,78,27,46,79,23,42,49,15,2,16,35,38,37,13,6,28,31,81,56,14,8,30,9,20,39,65,19,77,18,41,64,5,63,17,43,62,73,52,74,68,26,1,51,54,76,69,45,44,47,66,80,67,33,40,59,3,36,55,4,22,53,32,7,12,34,57,24,61,10,71
#2918194909: 54,17,42,14,58,79,29,21,48,36,77,74,70,55,51,75,23,20,15,76,19,25,43,22,56,11,2,4,10,37,16,18,33,38,69,35,32,9,81,30,41,52,1,73,50,47,13,44,49,64,66,45,72,78,80,71,26,60,39,57,63,6,67,62,59,7,31,27,12,8,5,46,34,61,53,3,24,68,40,65,28
#3016754533: 50,22,7,46,67,17,76,61,11,70,28,56,78,43,66,40,53,5,34,2,23,35,37,57,49,27,64,3,13,58,81,19,31,52,68,10,38,20,8,9,41,73,74,62,44,72,14,30,51,63,1,24,69,79,18,55,33,25,45,47,59,80,48,77,29,42,16,39,4,26,54,12,71,21,6,65,15,36,75,60,32
#3092116256: 69,18,14,72,47,50,66,33,75,9,46,22,38,65,23,24,52,53,78,12,40,26,11,6,1,2,19,74,45,77,25,62,79,55,67,43,28,51,21,34,41,48,61,31,54,39,15,27,3,20,57,5,37,8,63,80,81,76,71,56,42,70,4,29,30,58,59,17,44,60,36,73,7,49,16,32,35,10,68,64,13
#3163706900: 58,30,8,35,22,63,70,69,49,62,4,16,76,25,43,7,71,14,42,37,36,2,17,38,81,26,55,73,31,53,18,61,79,77,72,50,34,23,54,15,41,67,28,59,48,32,10,5,3,21,64,29,51,9,27,56,1,44,65,80,46,45,40,68,11,75,39,57,6,66,78,20,33,13,12,19,60,47,74,52,24
#3236681056: 4,61,58,48,11,54,5,73,62,65,8,33,22,68,43,30,29,44,46,51,25,72,76,26,16,59,63,7,42,37,50,81,13,18,47,27,67,2,3,70,41,12,79,80,15,55,35,64,69,1,32,45,40,75,19,23,66,56,6,10,57,31,36,38,53,52,39,14,60,49,74,17,20,9,77,28,71,34,24,21,78
#3567638662: 38,40,66,20,73,2,31,60,50,53,1,71,6,49,15,47,43,72,4,27,45,77,59,24,19,57,17,56,70,54,74,69,14,46,30,3,75,21,18,48,41,34,64,61,7,79,52,36,68,13,8,28,12,26,65,25,63,58,23,5,37,55,78,10,39,35,67,33,76,11,81,29,32,22,51,80,9,62,16,42,44
#3852022790: 37,56,74,39,55,28,72,46,64,70,73,2,21,49,67,16,51,35,5,32,3,65,22,14,6,30,11,48,29,40,24,7,1,78,20,25,19,23,44,69,41,13,38,59,63,57,62,4,81,75,58,42,53,34,71,52,76,68,60,17,79,50,77,47,31,66,15,33,61,80,9,12,18,36,10,54,27,43,8,26,45
#4129766640: 23,68,47,70,11,15,18,29,9,69,74,31,43,37,49,7,78,40,55,3,66,50,26,65,60,72,76,44,57,28,5,21,24,52,48,19,1,62,2,36,41,46,80,20,81,63,34,30,58,61,77,54,25,38,6,10,22,17,56,32,16,79,27,42,4,75,33,45,39,51,8,13,73,53,64,67,71,12,35,14,59
#4137806790: 31,40,81,67,14,63,18,47,33,2,54,56,29,52,55,7,78,44,9,17,45,21,71,79,13,23,48,66,8,58,5,60,50,12,20,39,76,46,72,57,41,25,10,36,6,43,62,70,32,22,77,24,74,16,34,59,69,3,11,61,37,65,73,38,4,75,27,30,53,26,28,80,49,35,64,19,68,15,1,42,51
#4929836046: 42,33,55,24,61,62,16,7,52,80,17,4,73,79,57,53,34,13,67,11,63,70,45,1,10,14,64,38,5,39,35,28,50,23,74,76,36,31,22,26,41,56,60,51,46,6,8,59,32,54,47,43,77,44,18,68,72,81,37,12,19,71,15,69,48,29,25,3,9,78,65,2,30,75,66,20,21,58,27,49,40
#5161285669: 21,60,12,55,72,77,59,63,46,13,26,11,14,8,28,39,37,33,58,80,57,52,31,64,65,53,15,1,35,48,62,9,4,38,16,50,42,79,76,7,41,75,6,3,40,32,66,44,78,73,20,34,47,81,67,29,17,18,51,30,25,2,24,49,45,43,54,74,68,71,56,69,36,19,23,5,10,27,70,22,61
#5658058668: 39,59,77,19,64,61,36,10,22,9,49,1,51,80,67,45,20,55,32,7,14,26,65,58,48,47,70,4,44,74,40,11,16,52,79,6,53,13,28,25,41,57,54,69,29,76,3,30,66,71,42,8,38,78,12,35,34,24,17,56,68,75,50,27,62,37,15,2,31,81,33,73,60,72,46,21,18,63,5,23,43
#5675271331: 15,44,8,31,49,3,72,55,60,81,43,35,16,58,30,11,61,46,6,25,63,13,32,54,56,77,53,80,75,64,4,48,73,68,12,59,40,45,20,65,41,17,62,37,42,23,70,14,9,34,78,18,7,2,29,5,26,28,50,69,19,57,76,36,21,71,52,24,66,47,39,1,22,27,10,79,33,51,74,38,67
#6637908259: 21,45,9,13,18,50,53,72,75,46,49,38,4,79,19,31,67,2,59,34,26,25,40,77,81,30,74,35,54,55,58,43,16,22,70,76,65,11,62,68,41,14,20,71,17,6,12,60,66,39,24,27,28,47,8,52,1,5,42,57,56,48,23,80,15,51,63,3,78,44,33,36,7,10,29,32,64,69,73,37,61
#6712113723: 35,36,7,79,32,39,58,67,27,69,54,72,22,18,65,2,77,8,66,37,33,44,19,62,52,1,29,31,78,12,34,42,6,11,61,9,23,14,26,57,41,25,56,68,59,73,21,71,76,40,48,70,4,51,53,81,30,20,63,38,49,45,16,74,5,80,17,64,60,10,28,13,55,15,24,43,50,3,75,46,47
#6747201952: 70,53,8,47,56,46,6,20,9,51,57,43,2,71,22,49,77,72,18,67,37,17,63,58,13,38,48,54,42,14,55,23,50,3,75,61,16,30,78,81,41,1,4,52,66,21,7,79,32,59,27,68,40,28,34,44,69,24,19,65,45,15,64,10,5,33,60,11,80,39,25,31,73,62,76,36,26,35,74,29,12
#6797695271: 76,43,67,47,9,34,20,16,65,37,13,51,81,10,2,49,59,4,30,54,22,36,63,57,50,68,44,55,26,79,18,12,29,74,75,24,42,61,77,11,41,71,5,21,40,58,7,8,53,70,64,3,56,27,38,14,32,25,19,46,60,28,52,78,23,33,80,72,1,31,69,45,17,66,62,48,73,35,15,39,6
#6902656924: 39,66,75,10,46,60,80,30,13,23,17,32,37,68,73,29,20,24,64,26,47,70,57,1,49,21,8,6,67,11,42,55,38,3,31,78,63,5,54,34,41,48,28,77,19,4,51,79,44,27,40,71,15,76,74,61,33,81,25,12,35,56,18,58,62,53,9,14,45,50,65,59,69,52,2,22,36,72,7,16,43
#7297726462: 7,47,65,9,74,32,51,25,58,70,27,38,23,2,37,64,63,5,71,68,52,28,66,67,39,10,21,79,42,26,34,29,6,62,13,36,22,78,49,1,41,81,33,4,60,46,69,20,76,53,48,56,40,3,61,72,43,15,16,54,30,14,11,77,19,18,45,80,59,44,55,12,24,57,31,50,8,73,17,35,75
#7955521547: 30,31,26,67,7,58,17,79,36,8,53,71,21,37,28,23,78,27,80,63,47,48,64,5,68,72,20,57,1,9,76,44,33,50,42,13,16,22,43,70,41,12,39,60,66,69,40,32,49,38,6,73,81,25,62,10,14,77,18,34,35,19,2,55,4,59,54,45,61,11,29,74,46,3,65,24,75,15,56,51,52
#8047859682: 63,34,55,69,8,39,2,14,33,10,23,58,47,77,20,29,75,76,60,45,32,21,64,30,67,11,56,46,44,78,40,54,3,16,81,31,17,57,70,9,41,73,12,25,65,51,1,66,79,28,42,4,38,36,26,71,15,52,18,61,50,37,22,6,7,53,62,5,35,24,59,72,49,68,80,43,74,13,27,48,19
#8114066197: 11,54,9,62,56,2,68,50,63,34,3,17,57,39,30,55,22,33,38,72,78,29,35,51,81,24,46,70,74,15,75,5,23,76,66,18,40,45,61,13,41,69,21,37,42,64,16,6,59,77,7,67,8,12,36,58,1,31,47,53,4,10,44,49,60,27,52,43,25,65,79,48,19,32,14,80,26,20,73,28,71
#8127682656: 68,16,50,75,29,65,56,39,38,13,59,2,31,40,76,3,33,70,27,9,19,18,1,71,47,58,57,77,8,22,46,78,45,62,48,21,52,54,10,15,41,67,72,28,30,61,34,20,37,4,36,60,74,5,25,24,35,11,81,64,63,73,55,12,49,79,6,42,51,80,23,69,44,43,26,17,53,7,32,66,14
#8149634589: 5,46,14,45,28,73,59,30,67,55,65,20,63,1,61,49,44,47,42,3,58,13,71,53,70,64,48,8,50,4,2,25,43,75,6,51,26,22,16,72,41,10,66,60,56,31,76,7,39,57,80,78,32,74,34,18,12,29,11,69,24,79,40,35,38,33,21,81,19,62,17,27,15,52,23,9,54,37,68,36,77
#8173728929: 53,25,44,52,2,62,73,15,79,71,48,10,36,24,60,64,40,65,6,16,19,13,55,32,43,5,78,49,68,7,35,31,8,54,23,70,61,45,1,26,41,56,81,37,21,12,59,28,74,51,47,75,14,33,4,77,39,50,27,69,63,66,76,17,42,18,22,58,46,72,34,11,3,67,9,20,80,30,38,57,29
#8405420256: 60,25,69,63,29,4,31,73,11,56,74,7,35,52,50,12,44,79,42,23,45,10,68,39,15,46,18,55,28,61,20,48,5,2,81,49,76,24,65,66,41,16,17,58,6,33,1,80,77,34,62,21,54,27,64,36,67,43,14,72,37,59,40,3,38,70,32,30,47,75,8,26,71,9,51,78,53,19,13,57,22
#8505267896: 10,52,73,62,26,79,46,49,42,66,51,25,48,2,14,17,18,23,47,53,75,15,32,78,22,19,70,24,21,76,38,27,1,28,43,5,74,11,45,69,41,13,37,71,8,77,39,54,81,55,44,6,61,58,12,63,60,4,50,67,7,29,35,59,64,65,68,80,34,57,31,16,40,33,36,3,56,20,9,30,72
#8574587231: 33,18,8,24,63,2,34,31,66,36,55,60,69,7,25,72,39,56,29,30,81,15,38,70,77,9,78,62,71,68,47,61,32,28,79,65,42,23,6,45,41,37,76,59,40,17,3,54,50,21,35,14,11,20,4,73,5,12,44,67,1,52,53,26,43,10,57,75,13,22,27,46,16,51,48,80,19,58,74,64,49
#8630142967: 55,70,35,60,67,61,16,5,43,53,34,59,18,52,40,72,19,1,46,2,62,38,4,6,75,73,13,11,8,26,68,50,45,57,31,65,54,3,33,24,41,58,49,79,28,17,51,25,37,32,14,56,74,71,69,9,7,76,78,44,20,80,36,81,63,10,42,30,64,23,48,29,39,77,66,21,15,22,47,12,27
#8642798504: 7,39,15,69,61,23,65,11,27,26,32,24,66,48,72,80,45,8,54,52,29,19,51,60,78,77,46,44,40,9,1,18,79,70,25,62,35,33,76,14,41,68,6,49,47,20,57,12,3,64,81,73,42,38,36,5,4,22,31,63,53,30,28,74,37,2,10,34,16,58,50,56,55,71,17,59,21,13,67,43,75
#8844462988: 71,52,49,64,78,32,34,79,12,56,29,27,45,69,5,8,16,20,54,17,57,23,51,14,63,10,21,40,1,80,6,46,47,15,24,7,39,60,38,73,41,9,44,22,43,75,58,67,35,36,76,2,81,42,61,72,19,68,31,59,25,65,28,62,66,74,77,13,37,55,53,26,70,3,48,50,4,18,33,30,11
#8856263300: 13,80,66,32,10,39,70,18,35,17,52,22,25,56,23,77,45,42,19,54,14,55,24,53,34,21,51,49,79,62,38,75,46,81,8,78,11,76,73,67,41,15,9,6,71,4,74,1,36,7,44,20,3,33,31,61,48,29,58,27,68,28,63,40,37,5,59,26,57,60,30,65,47,64,12,43,72,50,16,2,69
#9137921923: 76,34,4,17,20,53,50,42,80,59,24,68,27,22,9,63,39,71,54,16,57,49,56,64,31,12,10,13,74,35,79,1,5,67,36,45,44,21,7,52,41,30,75,61,38,37,46,15,77,81,3,47,8,69,72,70,51,18,26,33,25,66,28,11,43,19,73,60,55,14,58,23,2,40,32,29,62,65,78,48,6
#9258770726: 65,43,33,31,48,6,64,12,57,21,81,11,7,78,28,20,35,32,56,36,30,79,37,53,2,74,42,77,22,44,68,19,55,67,73,23,69,58,66,72,41,10,16,24,13,59,9,15,27,63,14,38,60,5,40,8,80,29,45,3,52,46,26,50,47,62,54,4,75,71,1,61,25,70,18,76,34,51,49,39,17
#9375671700: 8,52,51,57,81,13,42,28,58,80,50,34,37,68,11,5,26,17,20,15,44,35,39,49,79,21,46,63,76,10,12,73,64,66,4,59,27,75,29,22,41,60,53,7,55,23,78,16,18,9,70,72,6,19,36,61,3,33,43,47,38,67,62,65,56,77,71,14,45,48,32,2,24,54,40,69,1,25,31,30,74
#9816428766: 67,26,39,65,63,27,77,36,6,66,3,45,61,29,4,58,25,30,54,34,31,12,7,60,40,69,80,20,14,10,59,74,50,38,49,1,47,71,64,73,41,9,18,11,35,81,33,44,32,8,23,72,68,62,2,13,42,22,75,70,51,48,28,52,57,24,78,53,21,37,79,16,76,46,5,55,19,17,43,56,15
#9973310924: 74,42,55,79,75,59,44,21,37,15,14,11,50,39,10,54,49,4,22,18,24,56,63,73,2,46,53,51,12,6,48,69,1,25,20,35,65,66,52,77,41,5,30,16,17,47,62,57,81,13,34,76,70,31,29,36,80,9,19,26,58,64,60,78,33,28,72,43,32,71,68,67,45,61,38,23,7,3,27,40,8
#9992410014: 78,49,9,27,56,51,64,20,15,32,69,14,60,74,72,6,39,48,59,30,37,3,46,7,25,17,24,63,70,1,80,40,38,47,11,53,21,54,77,66,41,16,5,28,61,29,71,35,44,42,2,81,12,19,58,65,57,75,36,79,45,52,23,34,43,76,10,8,22,68,13,50,67,62,18,31,26,55,73,33,4
Done. Generated 10000000000 centrally symmetric permutations of length 81, found 43 total 3-inflatable permutation(s).
