#82693632: 16,31,41,10,3,58,15,56,52,12,48,6,33,39,36,38,28,57,35,47,43,61,45,46,51,2,21,42,1,25,5,11,54,60,40,64,23,44,63,14,19,20,4,22,18,30,8,37,27,29,26,32,59,17,53,13,9,50,7,62,55,24,34,49
#120784419: 19,63,22,27,40,10,26,11,14,58,60,48,45,15,28,44,56,49,36,13,1,18,31,41,8,42,35,32,62,53,4,59,6,61,12,3,33,30,23,57,24,34,47,64,52,29,16,9,21,37,50,20,17,5,7,51,54,39,55,25,38,43,2,46
#182455878: 40,46,43,64,35,34,12,3,18,50,32,61,36,28,6,13,54,8,2,49,7,56,27,10,20,39,48,24,21,23,51,60,5,14,42,44,41,17,26,45,55,38,9,58,16,63,57,11,52,59,37,29,4,33,15,47,62,53,31,30,1,22,19,25
#201119516: 28,11,10,40,16,48,56,30,1,26,61,21,50,52,12,32,41,3,43,29,63,58,46,51,60,34,6,57,45,38,18,42,23,47,27,20,8,59,31,5,14,19,7,2,36,22,62,24,33,53,13,15,44,4,39,64,35,9,17,49,25,55,54,37
#255680268: 44,32,7,38,35,10,19,54,40,3,64,60,41,51,49,4,39,9,28,8,20,43,31,29,23,63,47,13,53,50,17,6,59,48,15,12,52,18,2,42,36,34,22,45,57,37,56,26,61,16,14,24,5,1,62,25,11,46,55,30,27,58,33,21
#366338955: 44,32,47,40,5,8,59,64,30,9,11,22,50,46,34,20,51,2,36,39,27,23,41,17,13,62,55,37,12,7,49,4,61,16,58,53,28,10,3,52,48,24,42,38,26,29,63,14,45,31,19,15,43,54,56,35,1,6,57,60,25,18,33,21
#387747406: 59,39,8,44,16,17,40,46,62,15,47,34,28,55,2,11,33,14,56,23,4,13,20,12,43,64,36,58,60,35,24,38,27,41,30,5,7,29,1,22,53,45,52,61,42,9,51,32,54,63,10,37,31,18,50,3,19,25,48,49,21,57,26,6
#417607580: 46,54,7,40,22,63,37,4,14,34,23,21,17,13,39,60,55,18,24,38,45,62,29,49,50,8,1,35,9,59,33,53,12,32,6,56,30,64,57,15,16,36,3,20,27,41,47,10,5,26,52,48,44,42,31,51,61,28,2,43,25,58,11,19
#463599279: 43,60,42,20,59,51,3,27,15,36,17,63,28,25,21,18,30,46,12,7,1,49,31,24,32,57,10,54,4,9,52,26,39,13,56,61,11,55,8,33,41,34,16,64,58,53,19,35,47,44,40,37,2,48,29,50,38,62,14,6,45,23,5,22
#478775707: 5,61,32,11,39,48,16,34,56,21,12,35,57,24,28,43,51,19,27,6,47,15,64,13,63,29,55,42,7,40,20,62,3,45,25,58,23,10,36,2,52,1,50,18,59,38,46,14,22,37,41,8,30,53,44,9,31,49,17,26,54,33,4,60
#506760126: 60,11,44,31,7,35,8,56,42,19,61,37,39,6,20,48,50,32,25,36,52,18,12,24,1,63,43,3,16,38,55,14,51,10,27,49,62,22,2,64,41,53,47,13,29,40,33,15,17,45,59,26,28,4,46,23,9,57,30,58,34,21,54,5
#514672090: 27,36,22,54,53,51,41,7,5,26,8,49,56,6,13,15,61,23,37,33,45,48,64,2,44,10,19,62,34,40,47,30,35,18,25,31,3,46,55,21,63,1,17,20,32,28,42,4,50,52,59,9,16,57,39,60,58,24,14,12,11,43,29,38
#580289669: 44,4,57,36,16,41,47,20,53,28,13,38,1,54,6,60,32,7,31,43,62,48,42,14,25,15,2,56,55,26,30,46,19,35,39,10,9,63,50,40,51,23,17,3,22,34,58,33,5,59,11,64,27,52,37,12,45,18,24,49,29,8,61,21
#652467807: 44,27,4,43,10,56,41,32,37,49,5,51,53,34,63,11,59,17,46,1,20,42,13,8,7,3,50,26,40,36,35,47,18,30,29,25,39,15,62,58,57,52,23,45,64,19,48,6,54,2,31,12,14,60,16,28,33,24,9,55,22,61,38,21
#662732079: 24,39,15,11,19,13,25,8,37,56,63,55,35,61,16,21,32,47,53,62,23,64,59,20,5,14,58,34,29,38,22,48,17,43,27,36,31,7,51,60,45,6,1,42,3,12,18,33,44,49,4,30,10,2,9,28,57,40,52,46,54,50,26,41
#762851826: 41,53,42,59,20,3,36,56,22,11,58,18,33,5,25,51,34,39,17,16,61,8,52,21,19,35,1,2,15,10,27,28,37,38,55,50,63,64,30,46,44,13,57,4,49,48,26,31,14,40,60,32,47,7,54,43,9,29,62,45,6,23,12,24
#776054837: 28,36,13,27,17,59,53,62,49,34,14,1,4,19,47,41,42,55,45,54,2,43,9,26,7,40,60,30,8,33,21,15,50,44,32,57,35,5,25,58,39,56,22,63,11,20,10,23,24,18,46,61,64,51,31,16,3,12,6,48,38,52,29,37
#957132262: 44,27,57,15,3,11,22,37,33,56,12,29,13,59,2,60,30,46,31,48,58,49,61,42,41,18,39,45,14,10,25,1,64,40,55,51,20,26,47,24,23,4,16,7,17,34,19,35,5,63,6,52,36,53,9,32,28,43,54,62,50,8,38,21
#1022503187: 16,24,28,60,35,53,8,44,33,54,40,4,64,10,58,3,20,51,34,38,26,2,15,47,48,22,36,13,9,46,23,6,59,42,19,56,52,29,43,17,18,50,63,39,27,31,14,45,62,7,55,1,61,25,11,32,21,57,12,30,5,37,41,49
#1027013549: 59,10,26,19,30,36,27,8,2,45,32,11,34,62,64,41,40,17,22,56,49,47,61,21,53,15,13,58,60,51,42,37,28,23,14,5,7,52,50,12,44,4,18,16,9,43,48,25,24,1,3,31,54,33,20,63,57,38,29,35,46,39,55,6
#1037669426: 10,47,6,34,20,53,35,14,58,48,15,44,9,27,61,33,24,25,63,64,3,46,26,54,28,16,43,57,23,5,52,29,36,13,60,42,8,22,49,37,11,39,19,62,1,2,40,41,32,4,38,56,21,50,17,7,51,30,12,45,31,59,18,55
#1051993823: 10,50,31,64,28,29,24,45,13,62,42,38,30,49,5,48,33,6,9,11,14,21,63,61,8,12,46,25,7,39,43,18,47,22,26,58,40,19,53,57,4,2,44,51,54,56,59,32,17,60,16,35,27,23,3,52,20,41,36,37,1,34,15,55
#1123286006: 52,27,4,10,34,18,53,3,58,36,37,63,33,42,24,20,17,51,8,46,43,39,49,64,11,40,21,60,9,50,6,30,35,59,15,56,5,44,25,54,1,16,26,22,19,57,14,48,45,41,23,32,2,28,29,7,62,12,47,31,55,61,38,13
#1248477713: 42,21,17,3,4,59,26,33,49,56,52,35,34,10,14,57,50,28,29,46,20,58,2,53,60,24,40,18,38,22,54,64,1,11,43,27,47,25,41,5,12,63,7,45,19,36,37,15,8,51,55,31,30,13,9,16,32,39,6,61,62,48,44,23
#1256310320: 47,36,63,60,20,43,9,25,19,38,8,50,64,28,14,13,34,7,42,3,39,10,33,44,6,54,12,41,4,17,35,16,49,30,48,61,24,53,11,59,21,32,55,26,62,23,58,31,52,51,37,1,15,57,27,46,40,56,22,45,5,2,29,18
#1405432331: 24,19,63,30,23,32,60,58,43,3,51,26,15,6,34,37,54,13,9,12,44,48,49,27,10,61,18,8,45,1,40,29,36,25,64,20,57,47,4,55,38,16,17,21,53,56,52,11,28,31,59,50,39,14,62,22,7,5,33,42,35,2,46,41
#1437126300: 21,50,40,18,19,63,39,1,37,48,51,62,42,13,7,10,20,30,4,57,32,59,11,34,24,53,9,43,36,16,38,5,60,27,49,29,22,56,12,41,31,54,6,33,8,61,35,45,55,58,52,23,3,14,17,28,64,26,2,46,47,25,15,44
#1466724617: 30,55,13,58,20,15,64,39,9,11,18,43,49,28,46,36,24,14,31,59,4,57,2,5,44,48,62,38,23,40,32,53,12,33,25,42,27,3,17,21,60,63,8,61,6,34,51,41,29,19,37,16,22,47,54,56,26,1,50,45,7,52,10,35
#1497729049: 64,14,28,38,47,11,58,15,39,30,25,56,6,52,22,3,36,19,21,42,12,48,61,16,57,41,20,32,2,31,5,55,10,60,34,63,33,45,24,8,49,4,17,53,23,44,46,29,62,43,13,59,9,40,35,26,50,7,54,18,27,37,51,1
#1521765809: 41,19,15,22,54,63,39,45,37,1,3,16,18,59,40,29,30,55,58,8,32,21,12,48,14,42,60,56,38,34,52,61,4,13,31,27,9,5,23,51,17,53,44,33,57,7,10,35,36,25,6,47,49,62,64,28,20,26,2,11,43,50,46,24
#1527390817: 43,54,55,48,57,7,20,34,23,14,6,40,21,1,13,18,61,38,37,32,36,60,24,2,46,16,50,30,9,62,39,12,53,26,3,56,35,15,49,19,63,41,5,29,33,28,27,4,47,52,64,44,25,59,51,42,31,45,58,8,17,10,11,22
#1547955656: 43,47,38,15,2,61,49,36,39,17,1,45,7,21,32,42,25,59,52,28,5,62,8,53,34,14,56,30,19,11,41,10,55,24,54,46,35,9,51,31,12,57,3,60,37,13,6,40,23,33,44,58,20,64,48,26,29,16,4,63,50,27,18,22
#1678583022: 9,49,53,24,47,48,51,19,32,39,61,2,38,6,35,7,52,10,25,36,21,31,8,15,45,23,43,60,1,62,37,11,54,28,3,64,5,22,42,20,50,57,34,44,29,40,55,13,58,30,59,27,63,4,26,33,46,14,17,18,41,12,16,56
#1766449048: 40,7,28,60,44,9,32,3,13,29,55,15,51,54,48,23,34,20,35,57,49,24,22,61,27,63,12,18,64,6,46,39,26,19,59,1,47,53,2,38,4,43,41,16,8,30,45,31,42,17,11,14,50,10,36,52,62,33,56,21,5,37,58,25
#1801885121: 18,24,59,19,29,54,2,56,16,15,34,64,27,7,39,45,28,43,21,13,40,57,14,33,62,61,35,60,42,10,48,53,12,17,55,23,5,30,4,3,32,51,8,25,52,44,22,37,20,26,58,38,1,31,50,49,9,63,11,36,46,6,41,47
#1808712816: 21,24,28,61,8,48,23,62,34,13,10,60,64,20,26,30,11,46,14,38,29,50,49,40,43,12,33,9,47,7,6,2,63,59,58,18,56,32,53,22,25,16,15,36,27,51,19,54,35,39,45,1,5,55,52,31,3,42,17,57,4,37,41,44
#1832202213: 30,57,36,31,47,5,55,50,27,53,63,6,19,28,3,24,11,45,17,56,1,25,22,16,4,32,51,42,13,39,44,58,7,21,26,52,23,14,33,61,49,43,40,64,9,48,20,54,41,62,37,46,59,2,12,38,15,10,60,18,34,29,8,35
#1895163035: 6,27,15,52,34,44,48,33,60,12,40,2,56,24,49,11,61,3,35,64,14,10,36,43,42,8,47,58,26,46,45,37,28,20,19,39,7,18,57,23,22,29,55,51,1,30,62,4,54,16,41,9,63,25,53,5,32,17,21,31,13,50,38,59
#1942959725: 60,1,36,24,28,8,10,52,45,44,30,31,62,26,47,19,25,15,27,22,49,11,53,51,61,63,42,6,33,48,56,7,58,9,17,32,59,23,2,4,14,12,54,16,43,38,50,40,46,18,39,3,34,35,21,20,13,55,57,37,41,29,64,5
#1964483651: 33,7,47,39,64,22,44,9,17,14,49,41,6,45,53,5,28,2,42,62,36,52,61,54,50,8,10,31,19,35,25,38,27,40,30,46,34,55,57,15,11,4,13,29,3,23,63,37,60,12,20,59,24,16,51,48,56,21,43,1,26,18,58,32
#2041813376: 37,19,64,13,4,33,54,7,23,25,48,27,44,51,36,60,31,10,12,49,41,22,57,63,26,9,47,30,3,50,6,45,20,59,15,62,35,18,56,39,2,8,43,24,16,53,55,34,5,29,14,21,38,17,40,42,58,11,32,61,52,1,46,28
#2067541407: 4,27,50,10,30,20,29,46,60,42,64,47,16,33,3,21,39,58,59,9,25,37,54,22,51,31,13,2,41,17,57,53,12,8,48,24,63,52,34,14,43,11,28,40,56,6,7,26,44,62,32,49,18,1,23,5,19,36,45,35,55,15,38,61
#2106370770: 33,4,44,9,27,28,22,54,2,39,64,29,53,35,16,50,55,51,57,42,7,48,18,5,41,62,34,6,46,25,13,45,20,52,40,19,59,31,3,24,60,47,17,58,23,8,14,10,15,49,30,12,36,1,26,63,11,43,37,38,56,21,61,32
#2109917191: 16,9,11,39,19,35,42,25,8,14,59,28,34,45,63,62,48,27,61,43,64,36,58,33,18,24,10,50,52,12,60,21,44,5,53,13,15,55,41,47,32,7,29,1,22,4,38,17,3,2,20,31,37,6,51,57,40,23,30,46,26,54,56,49
#2370611528: 53,11,26,17,40,38,4,15,51,57,2,16,42,55,62,41,60,32,34,47,21,29,19,35,20,64,7,6,37,43,13,9,56,52,22,28,59,58,1,45,30,46,36,44,18,31,33,5,24,3,10,23,49,63,8,14,50,61,27,25,48,39,54,12
#2407616596: 52,47,22,25,1,5,41,32,61,53,35,62,17,45,19,27,10,42,21,29,51,7,9,31,37,57,63,15,16,11,39,6,59,26,54,49,50,2,8,28,34,56,58,14,36,44,23,55,38,46,20,48,3,30,12,4,33,24,60,64,40,43,18,13
#2428485812: 62,22,46,34,24,16,32,1,11,39,56,58,53,8,44,23,36,48,51,45,6,5,2,35,27,13,40,55,18,50,4,28,37,61,15,47,10,25,52,38,30,63,60,59,20,14,17,29,42,21,57,12,7,9,26,54,64,33,49,41,31,19,43,3
#2439508170: 29,27,47,58,50,64,19,45,17,3,49,32,21,4,42,12,8,40,54,5,41,13,9,51,28,6,55,35,34,39,22,63,2,43,26,31,30,10,59,37,14,56,52,24,60,11,25,57,53,23,61,44,33,16,62,48,20,46,1,15,7,18,38,36
#2472980470: 32,61,19,62,29,42,6,15,53,34,28,24,9,40,60,51,11,18,27,2,7,35,49,43,55,8,52,1,17,39,45,44,21,20,26,48,64,13,57,10,22,16,30,58,63,38,47,54,14,5,25,56,41,37,31,12,50,59,23,36,3,46,4,33
#2555464097: 17,51,24,55,4,46,33,39,59,63,13,58,18,28,27,21,9,23,40,30,1,11,34,16,60,57,3,36,22,20,53,15,50,12,45,43,29,62,8,5,49,31,54,64,35,25,42,56,44,38,37,47,7,52,2,6,26,32,19,61,10,41,14,48
#2561529238: 29,30,15,59,63,52,41,12,20,51,55,8,46,22,23,11,16,5,58,21,38,33,9,25,31,39,47,4,3,37,48,1,64,17,28,62,61,18,26,34,40,56,32,27,44,7,60,49,54,42,43,19,57,10,14,45,53,24,13,2,6,50,35,36
#2568480508: 16,62,20,47,42,22,44,13,37,46,7,57,1,36,59,60,9,12,11,34,32,40,48,26,15,51,24,30,2,10,61,38,27,4,55,63,35,41,14,50,39,17,25,33,31,54,53,56,5,6,29,64,8,58,19,28,52,21,43,23,18,45,3,49
#2578497278: 43,23,63,39,3,36,54,31,15,41,55,9,7,48,16,61,13,40,46,14,44,20,30,6,5,57,27,12,33,18,37,64,1,28,47,32,53,38,8,60,59,35,45,21,51,19,25,52,4,49,17,58,56,10,24,50,34,11,29,62,26,2,42,22
#2583644110: 13,15,55,42,41,25,57,34,63,46,37,4,17,7,29,45,9,16,35,14,62,54,22,18,27,64,33,12,21,26,60,59,6,5,39,44,53,32,1,38,47,43,11,3,51,30,49,56,20,36,58,48,61,28,19,2,31,8,40,24,23,10,50,52
#2689660305: 48,42,33,46,16,13,22,6,61,50,39,1,63,5,8,29,34,38,62,40,12,20,47,41,9,54,51,37,35,21,58,55,10,7,44,30,28,14,11,56,24,18,45,53,25,3,27,31,36,57,60,2,64,26,15,4,59,43,52,49,19,32,23,17
#2713661919: 2,46,20,24,33,39,38,11,42,6,57,3,30,18,55,49,61,53,51,31,43,56,1,48,40,60,36,50,37,7,44,13,52,21,58,28,15,29,5,25,17,64,9,22,34,14,12,4,16,10,47,35,62,8,59,23,54,27,26,32,41,45,19,63
#2759086782: 17,32,26,51,24,61,3,7,20,55,40,9,44,38,53,52,64,60,18,30,6,34,28,16,8,63,22,42,36,19,11,15,50,54,46,29,23,43,2,57,49,37,31,59,35,47,5,1,13,12,27,21,56,25,10,45,58,62,4,41,14,39,33,48
#2910606288: 38,25,46,64,4,49,29,23,57,43,12,6,11,28,14,35,26,33,56,7,62,55,44,2,48,47,31,20,5,41,15,52,13,50,24,60,45,34,18,17,63,21,10,3,58,9,32,39,30,51,37,54,59,53,22,8,42,36,16,61,1,19,40,27
#3062704073: 3,21,11,38,36,58,40,18,41,61,59,22,39,50,13,37,42,17,1,46,57,9,20,10,60,63,33,12,31,51,49,30,35,16,14,34,53,32,2,5,55,45,56,8,19,64,48,23,28,52,15,26,43,6,4,24,47,25,7,29,27,54,44,62
#3077952555: 56,24,3,34,26,50,12,22,28,49,64,6,40,54,10,35,47,44,51,45,23,8,13,38,4,33,63,17,36,46,58,5,60,7,19,29,48,2,32,61,27,52,57,42,20,14,21,18,30,55,11,25,59,1,16,37,43,53,15,39,31,62,41,9
#3317356561: 59,45,25,36,8,54,50,2,23,38,47,26,46,10,13,51,43,9,28,53,33,44,17,31,1,49,3,5,4,30,7,24,41,58,35,61,60,62,16,64,34,48,21,32,12,37,56,22,14,52,55,19,39,18,27,42,63,15,11,57,29,40,20,6
#3355829077: 18,26,2,23,13,31,50,27,21,36,59,64,62,45,12,40,32,5,51,41,58,61,49,37,11,17,43,19,30,55,8,56,9,57,10,35,46,22,48,54,28,16,4,7,24,14,60,33,25,53,20,3,1,6,29,44,38,15,34,52,42,63,39,47
#3422531871: 1,15,36,45,34,49,54,17,52,42,9,41,5,22,63,30,26,62,21,55,51,8,27,25,58,32,4,53,19,6,37,47,18,28,59,46,12,61,33,7,40,38,57,14,10,44,3,39,35,2,43,60,24,56,23,13,48,11,16,31,20,29,50,64
#3475951179: 48,29,4,34,59,19,26,42,5,20,56,25,54,13,63,15,35,62,47,55,14,28,16,7,33,8,43,38,21,53,24,64,1,41,12,44,27,22,57,32,58,49,37,51,10,18,3,30,50,2,52,11,40,9,45,60,23,39,46,6,31,61,36,17
#3480423512: 43,48,16,32,59,53,13,9,47,61,1,23,41,31,7,44,26,8,28,10,35,11,62,46,45,50,5,36,51,40,2,27,38,63,25,14,29,60,15,20,19,3,54,30,55,37,57,39,21,58,34,24,42,64,4,18,56,52,12,6,33,49,17,22
#3612149069: 23,44,59,14,31,7,50,61,39,49,12,37,47,20,3,52,22,48,41,1,5,10,8,32,54,25,36,56,27,46,35,2,63,30,19,38,9,29,40,11,33,57,55,60,64,24,17,43,13,62,45,18,28,53,16,26,4,15,58,34,51,6,21,42
#3618495783: 57,45,28,55,46,47,48,24,5,35,16,50,1,31,59,27,9,11,4,32,22,2,29,25,44,13,51,23,7,3,26,53,12,39,62,58,42,14,52,21,40,36,63,43,33,61,54,56,38,6,34,64,15,49,30,60,41,17,18,19,10,37,20,8
#3651769204: 21,40,60,37,6,49,50,18,11,26,63,13,42,20,31,7,64,24,17,14,12,61,33,55,46,22,62,36,9,27,30,8,57,35,38,56,29,3,43,19,10,32,4,53,51,48,41,1,58,34,45,23,52,2,39,54,47,15,16,59,28,5,25,44
#3729204949: 5,47,36,10,11,25,57,49,21,56,4,34,39,27,45,48,23,43,59,53,37,7,52,19,62,51,24,2,1,32,50,35,30,15,33,64,63,41,14,3,46,13,58,28,12,6,22,42,17,20,38,26,31,61,9,44,16,8,40,54,55,29,18,60
#3763503064: 27,37,59,21,45,31,1,61,14,41,43,13,57,63,3,36,33,30,12,56,48,16,10,19,18,5,7,11,39,42,50,40,25,15,23,26,54,58,60,47,46,55,49,17,9,53,35,32,29,62,2,8,52,22,24,51,4,64,34,20,44,6,28,38
#3770634324: 33,60,22,1,25,23,38,7,47,50,53,54,8,39,6,21,63,36,24,34,61,13,17,37,56,30,20,55,49,46,3,51,14,62,19,16,10,45,35,9,28,48,52,4,31,41,29,2,44,59,26,57,11,12,15,18,58,27,42,40,64,43,5,32
#3827886252: 19,33,51,7,8,40,26,29,63,50,30,56,47,60,6,12,34,49,4,1,28,42,48,44,52,38,10,11,24,45,62,43,22,3,20,41,54,55,27,13,21,17,23,37,64,61,16,31,53,59,5,18,9,35,15,2,36,39,25,57,58,14,32,46
#4027205183: 2,17,35,62,38,13,42,45,50,26,9,24,59,32,44,60,31,53,14,19,54,28,1,4,47,25,58,29,16,10,43,8,57,22,55,49,36,7,40,18,61,64,37,11,46,51,12,34,5,21,33,6,41,56,39,15,20,23,52,27,3,30,48,63
#4032751551: 15,16,24,55,18,44,54,61,35,9,13,38,59,48,26,43,1,63,12,36,40,34,28,5,8,58,14,42,19,32,45,3,62,20,33,46,23,51,7,57,60,37,31,25,29,53,2,64,22,39,17,6,27,52,56,30,4,11,21,47,10,41,49,50
#4042067050: 47,58,14,17,29,50,5,41,64,33,39,30,6,8,21,16,31,56,45,11,28,46,52,4,55,40,62,12,42,2,22,38,27,43,63,23,53,3,25,10,61,13,19,37,54,20,9,34,49,44,57,59,35,26,32,1,24,60,15,36,48,51,7,18
#4147016571: 9,28,44,61,58,24,45,10,15,43,46,29,34,1,25,63,14,30,53,27,17,13,59,32,5,11,62,26,42,49,47,8,57,18,16,23,39,3,54,60,33,6,52,48,38,12,35,51,2,40,64,31,36,19,22,50,55,20,41,7,4,21,37,56
#4225112181: 17,21,58,23,14,64,57,34,12,39,19,36,41,50,32,61,6,5,54,38,37,35,18,3,43,2,13,20,55,9,25,49,16,40,56,10,45,52,63,22,62,47,30,28,27,11,60,59,4,33,15,24,29,46,26,53,31,8,1,51,42,7,44,48
#4314284547: 46,26,22,6,7,35,44,18,20,60,25,15,64,27,9,36,62,54,41,61,42,53,33,63,13,8,28,49,51,10,31,17,48,34,55,14,16,37,57,52,2,32,12,23,4,24,11,3,29,56,38,1,50,40,5,45,47,21,30,58,59,43,39,19
#4337296431: 45,17,61,50,3,47,29,32,38,13,10,40,22,16,1,56,39,46,57,5,21,54,59,58,30,41,12,2,14,37,31,42,23,34,28,51,63,53,24,35,7,6,11,44,60,8,19,26,9,64,49,43,25,55,52,27,33,36,18,62,15,4,48,20
#4340254837: 59,50,30,40,20,63,19,4,39,48,12,23,52,43,8,27,14,18,34,1,33,55,7,5,28,56,62,49,24,11,21,29,36,44,54,41,16,3,9,37,60,58,10,32,64,31,47,51,38,57,22,13,42,53,17,26,61,46,2,45,25,35,15,6
#4343753171: 13,36,2,23,41,39,53,18,62,6,34,54,60,20,48,61,8,22,28,33,40,27,19,55,35,56,44,16,7,14,15,1,64,50,51,58,49,21,9,30,10,46,38,25,32,37,43,57,4,17,45,5,11,31,59,3,47,12,26,24,42,63,29,52
#4439835952: 7,15,34,30,38,45,4,3,37,63,54,36,53,51,59,24,46,52,18,21,32,10,48,5,22,26,23,64,56,49,40,57,8,25,16,9,1,42,39,43,60,17,55,33,44,47,13,19,41,6,14,12,29,11,2,28,62,61,20,27,35,31,50,58
#4453517564: 12,48,43,2,3,25,41,35,31,49,13,39,54,42,61,10,37,64,51,50,20,56,19,21,38,6,47,32,29,7,8,5,60,57,58,36,33,18,59,27,44,46,9,45,15,14,1,28,55,4,23,11,26,52,16,34,30,24,40,62,63,22,17,53
#4623670824: 61,30,42,51,11,62,46,31,25,26,33,8,49,17,58,18,41,2,28,15,45,1,5,36,21,10,6,9,27,13,43,12,53,22,52,38,56,59,55,44,29,60,64,20,50,37,63,24,47,7,48,16,57,32,39,40,34,19,3,54,14,23,35,4
#4629668120: 56,22,48,49,23,13,54,36,7,51,8,24,4,2,46,47,28,25,31,44,3,53,30,60,32,39,59,64,38,15,20,55,10,45,50,27,1,6,26,33,5,35,12,62,21,34,40,37,18,19,63,61,41,57,14,58,29,11,52,42,16,17,43,9
#4630789434: 13,47,20,59,21,5,62,32,39,49,22,46,17,38,31,4,63,25,7,42,53,11,24,37,57,30,56,1,14,29,55,15,50,10,36,51,64,9,35,8,28,41,54,12,23,58,40,2,61,34,27,48,19,43,16,26,33,3,60,44,6,45,18,52
#4646772705: 8,59,40,52,22,33,5,38,12,17,51,29,15,20,47,46,44,39,3,16,56,63,58,64,28,4,30,41,23,54,55,34,31,10,11,42,24,35,61,37,1,7,2,9,49,62,26,21,19,18,45,50,36,14,48,53,27,60,32,43,13,25,6,57
#4678343421: 57,20,11,46,28,58,47,5,61,41,14,43,21,17,23,31,62,32,26,38,16,10,52,6,1,2,36,53,40,9,50,30,35,15,56,25,12,29,63,64,59,13,55,49,27,39,33,3,34,42,48,44,22,51,24,4,60,18,7,37,19,54,45,8
#4684712246: 25,45,63,26,12,58,34,47,28,35,27,6,13,10,64,5,15,14,41,33,21,62,16,56,42,61,48,19,36,11,43,8,57,22,54,29,46,17,4,23,9,49,3,44,32,24,51,50,60,1,55,52,59,38,30,37,18,31,7,53,39,2,20,40
#4702051050: 29,51,62,7,61,28,32,22,42,44,41,45,15,12,56,35,6,8,13,2,17,25,38,55,26,1,34,60,19,16,18,54,11,47,49,46,5,31,64,39,10,27,40,48,63,52,57,59,30,9,53,50,20,24,21,23,43,33,37,4,58,3,14,36
#4721283696: 30,22,57,5,27,14,37,48,59,3,58,29,18,56,15,25,55,13,16,33,46,26,41,20,53,54,42,63,64,4,44,31,34,21,61,1,2,23,11,12,45,24,39,19,32,49,52,10,40,50,9,47,36,7,62,6,17,28,51,38,60,8,43,35
#4849984514: 59,39,32,1,28,36,50,31,63,10,47,9,16,7,44,35,4,45,25,23,41,57,14,48,62,53,13,43,5,38,19,11,54,46,27,60,22,52,12,3,17,51,8,24,42,40,20,61,30,21,58,49,56,18,55,2,34,15,29,37,64,33,26,6
#4900816920: 17,29,39,59,25,51,49,21,5,8,64,53,34,2,23,30,50,11,19,58,20,3,32,56,41,22,55,61,28,27,47,13,52,18,38,37,4,10,43,24,9,33,62,45,7,46,54,15,35,42,63,31,12,1,57,60,44,16,14,40,6,26,36,48
#4956282466: 31,27,43,51,4,64,19,16,15,55,9,52,20,28,33,8,58,48,60,2,35,26,62,12,54,47,23,25,21,41,29,6,59,36,24,44,40,42,18,11,53,3,39,30,63,5,17,7,57,32,37,45,13,56,10,50,49,46,1,61,14,22,38,34
#5030900812: 10,18,50,12,36,60,34,30,44,23,64,13,27,37,61,45,57,2,33,49,26,3,17,6,56,25,7,24,46,22,51,54,11,14,43,19,41,58,40,9,59,48,62,39,16,32,63,8,20,4,28,38,52,1,42,21,35,31,5,29,53,15,47,55
#5101073092: 59,17,5,25,36,46,27,12,42,64,8,26,45,22,52,49,31,18,2,41,10,51,62,61,50,33,9,11,37,58,35,44,21,30,7,28,54,56,32,15,4,3,14,55,24,63,47,34,16,13,43,20,39,57,1,23,53,38,19,29,40,60,48,6
#5127945971: 41,3,17,34,11,9,60,49,50,52,27,20,26,35,25,57,23,63,12,22,33,14,58,61,36,55,64,44,19,28,18,6,59,47,37,46,21,1,10,29,4,7,51,32,43,53,2,42,8,40,30,39,45,38,13,15,16,5,56,54,31,48,62,24
#5139642296: 42,13,37,8,53,40,44,35,62,7,64,5,16,29,41,18,48,59,9,34,43,33,11,55,26,2,20,15,38,19,14,4,61,51,46,27,50,45,63,39,10,54,32,22,31,56,6,17,47,24,36,49,60,1,58,3,30,21,25,12,57,28,52,23
#5219940204: 64,16,24,51,39,27,11,7,56,42,48,6,33,13,53,34,40,4,19,36,35,18,44,63,60,15,45,22,28,3,8,10,55,57,62,37,43,20,50,5,2,21,47,30,29,46,61,25,31,12,52,32,59,17,23,9,58,54,38,26,14,41,49,1
#5355673547: 20,56,58,59,26,4,15,19,34,38,42,32,16,14,3,40,37,10,1,63,35,54,44,43,53,60,41,36,52,8,47,48,17,18,57,13,29,24,5,12,22,21,11,30,2,64,55,28,25,62,51,49,33,23,27,31,46,50,61,39,6,7,9,45
#5431485944: 30,50,1,7,40,32,26,14,53,45,48,47,62,41,8,13,29,4,19,56,21,54,55,43,42,63,37,6,31,60,16,27,38,49,5,34,59,28,2,23,22,10,11,44,9,46,61,36,52,57,24,3,18,17,20,12,51,39,33,25,58,64,15,35
#5465142931: 13,24,57,39,40,55,45,27,62,51,6,36,48,2,35,15,7,46,18,28,11,12,4,21,56,42,33,31,22,1,49,60,5,16,64,43,34,32,23,9,44,61,53,54,37,47,19,58,50,30,63,17,29,59,14,3,38,20,10,25,26,8,41,52
#5490542080: 50,53,19,7,52,6,61,29,40,24,23,60,33,27,39,17,49,9,55,18,8,34,14,11,45,21,35,2,62,22,28,1,64,37,43,3,63,30,44,20,54,51,31,57,47,10,56,16,48,26,38,32,5,42,41,25,36,4,59,13,58,46,12,15
#5495090523: 5,27,57,32,24,17,21,36,30,61,50,52,6,46,54,53,3,1,63,39,23,20,28,56,22,31,7,49,25,51,47,10,55,18,14,40,16,58,34,43,9,37,45,42,26,2,64,62,12,11,19,59,13,15,4,35,29,44,48,41,33,8,38,60
#5503648612: 49,2,48,35,25,64,21,12,50,51,24,19,29,33,61,56,39,34,8,7,23,10,54,5,27,3,59,20,18,13,28,43,22,37,52,47,45,6,62,38,60,11,55,42,58,57,31,26,9,4,32,36,46,41,14,15,53,44,1,40,30,17,63,16
#5517742872: 10,23,16,32,48,34,54,59,40,63,56,7,20,4,53,18,44,19,51,1,30,36,43,15,27,39,13,5,41,28,62,57,8,3,37,24,60,52,26,38,50,22,29,35,64,14,46,21,47,12,61,45,58,9,2,25,6,11,31,17,33,49,42,55
#5573532583: 20,34,47,52,35,46,12,60,6,3,44,41,10,7,27,63,37,57,43,1,32,14,23,61,9,49,39,40,50,36,11,17,48,54,29,15,25,26,16,56,4,42,51,33,64,22,8,28,2,38,58,55,24,21,62,59,5,53,19,30,13,18,31,45
#5623250807: 21,7,61,40,45,49,5,13,27,43,39,57,48,19,24,32,54,29,2,3,64,31,23,56,37,12,18,50,35,6,51,55,10,14,59,30,15,47,53,28,9,42,34,1,62,63,36,11,33,41,46,17,8,26,22,38,52,60,16,20,25,4,58,44
#5710789520: 37,30,14,39,2,53,59,5,31,11,56,48,45,62,22,10,21,16,42,41,29,1,50,32,57,47,25,52,61,27,58,19,46,7,38,4,13,40,18,8,33,15,64,36,24,23,49,44,55,43,3,20,17,9,54,34,60,6,12,63,26,51,35,28
#5736704571: 49,7,27,31,54,36,28,21,8,13,9,63,39,59,18,22,40,64,12,61,41,62,55,23,17,20,15,46,33,5,30,14,51,35,60,32,19,50,45,48,42,10,3,24,4,53,1,25,43,47,6,26,2,56,52,57,44,37,29,11,34,38,58,16
#5741091003: 42,1,13,16,60,41,36,37,25,8,38,54,50,62,34,47,30,45,19,53,48,7,32,9,21,14,39,2,4,59,10,22,43,55,6,61,63,26,51,44,56,33,58,17,12,46,20,35,18,31,3,15,11,27,57,40,28,29,24,5,49,52,64,23
#5794166562: 39,17,7,8,23,36,41,4,37,51,53,44,55,2,50,64,60,16,40,19,56,32,3,47,59,38,22,34,35,45,52,11,54,13,20,30,31,43,27,6,18,62,33,9,46,25,49,5,1,15,63,10,21,12,14,28,61,24,29,42,57,58,48,26
#5825059898: 45,12,8,48,2,29,60,26,11,47,38,52,23,25,30,32,16,50,62,64,51,7,41,55,6,44,28,61,19,34,22,56,9,43,31,46,4,37,21,59,10,24,58,14,1,3,15,49,33,35,40,42,13,27,18,54,39,5,36,63,17,57,53,20
#5978516292: 6,14,36,43,56,12,41,45,11,52,31,55,32,64,4,28,16,3,44,23,58,15,27,48,63,26,57,46,60,35,25,18,47,40,30,5,19,8,39,2,17,38,50,7,42,21,62,49,37,61,1,33,10,34,13,54,20,24,53,9,22,29,51,59
#6038973551: 15,48,35,6,26,55,58,51,62,22,32,37,27,9,49,64,4,29,2,24,18,31,5,20,23,11,57,46,44,12,40,52,13,25,53,21,19,8,54,42,45,60,34,47,41,63,36,61,1,16,56,38,28,33,43,3,14,7,10,39,59,30,17,50
#6050316154: 45,34,24,33,60,44,2,62,26,58,16,13,56,10,42,12,17,25,35,27,4,18,29,59,19,50,43,1,28,54,14,8,57,51,11,37,64,22,15,46,6,36,47,61,38,30,40,48,53,23,55,9,52,49,7,39,3,63,21,5,32,41,31,20
#6216852524: 7,11,41,37,45,26,59,14,55,25,8,3,48,50,38,18,63,33,52,34,9,42,60,36,44,4,30,53,64,22,46,49,16,19,43,1,12,35,61,21,29,5,23,56,31,13,32,2,47,27,15,17,62,57,40,10,51,6,39,20,28,24,54,58
#6259931967: 61,47,40,28,38,12,20,46,31,6,62,7,36,17,1,23,60,50,35,52,44,8,39,11,14,16,9,33,41,55,22,2,63,43,10,24,32,56,49,51,54,26,57,21,13,30,15,5,42,64,48,29,58,3,59,34,19,45,53,27,37,25,18,4
#6283012478: 35,41,11,4,62,10,51,21,25,29,52,28,42,9,50,5,18,49,34,64,48,26,63,38,43,53,19,58,32,6,20,8,57,45,59,33,7,46,12,22,27,2,39,17,1,31,16,47,60,15,56,23,37,13,36,40,44,14,55,3,61,54,24,30
#6352996917: 58,30,49,17,27,62,23,52,21,59,34,14,4,41,54,40,2,28,9,1,36,19,39,32,8,18,22,5,50,10,45,53,12,20,55,15,60,43,47,57,33,26,46,29,64,56,37,63,25,11,24,61,51,31,6,44,13,42,3,38,48,16,35,7
#6402357525: 42,44,29,59,16,8,46,9,10,53,38,11,61,51,22,3,45,2,33,40,37,13,34,50,26,35,47,60,64,41,58,17,48,7,24,1,5,18,30,39,15,31,52,28,25,32,63,20,62,43,14,4,54,27,12,55,56,19,57,49,6,36,21,23
#6449272327: 22,57,17,10,9,61,32,52,28,29,16,40,23,59,24,1,60,30,45,51,34,39,54,21,47,19,7,12,50,62,2,27,38,63,3,15,53,58,46,18,44,11,26,31,14,20,35,5,64,41,6,42,25,49,36,37,13,33,4,56,55,48,8,43
#6550807354: 24,29,14,28,62,60,25,53,4,30,59,16,21,31,43,7,50,39,63,17,19,32,11,8,27,55,56,42,18,1,52,20,45,13,64,47,23,9,10,38,57,54,33,46,48,2,26,15,58,22,34,44,49,6,35,61,12,40,5,3,37,51,36,41
#6557105828: 34,51,28,23,1,21,38,9,32,61,8,59,36,5,48,55,63,13,49,18,53,62,41,20,35,43,7,11,19,39,25,15,50,40,26,46,54,58,22,30,45,24,3,12,47,16,52,2,10,17,60,29,6,57,4,33,56,27,44,64,42,37,14,31
#6606851258: 1,32,18,27,19,45,16,34,63,62,51,28,26,41,15,60,7,42,61,36,40,10,8,44,48,12,52,54,43,30,56,59,6,9,35,22,11,13,53,17,21,57,55,25,29,4,23,58,5,50,24,39,37,14,3,2,31,49,20,46,38,47,33,64
#6611290266: 60,20,28,14,47,13,61,9,35,43,15,34,27,10,12,57,59,7,63,25,42,17,29,44,32,54,62,39,49,1,24,46,19,41,64,16,26,3,11,33,21,36,48,23,40,2,58,6,8,53,55,38,31,50,22,30,56,4,52,18,51,37,45,5
#6655209708: 43,25,58,10,16,8,26,45,15,61,2,53,56,33,31,37,36,14,6,54,38,64,41,19,48,42,35,13,44,62,18,5,60,47,3,21,52,30,23,17,46,24,1,27,11,59,51,29,28,34,32,9,12,63,4,50,20,39,57,49,55,7,40,22
#6688582541: 32,28,14,2,31,15,64,35,23,3,36,52,9,45,38,47,53,61,59,22,41,26,25,58,17,57,54,49,46,60,55,21,44,10,5,19,16,11,8,48,7,40,39,24,43,6,4,12,18,27,20,56,13,29,62,42,30,1,50,34,63,51,37,33
#6692794867: 35,20,56,11,16,23,41,14,6,47,64,33,19,57,58,2,61,55,26,28,27,12,44,50,34,25,43,13,62,17,60,29,36,5,48,3,52,22,40,31,15,21,53,38,37,39,10,4,63,7,8,46,32,1,18,59,51,24,42,49,54,9,45,30
#6711271393: 54,20,41,61,52,32,25,12,3,21,14,22,35,6,58,26,5,48,16,42,57,38,46,37,47,56,1,55,63,31,29,15,50,36,34,2,10,64,9,18,28,19,27,8,23,49,17,60,39,7,59,30,43,51,44,62,53,40,33,13,4,24,45,11
#6828899474: 32,10,18,21,45,49,27,9,58,3,41,63,14,31,22,57,54,61,15,25,53,60,6,30,19,39,52,28,42,48,64,36,29,1,17,23,37,13,26,46,35,59,5,12,40,50,4,11,8,43,34,51,2,24,62,7,56,38,16,20,44,47,55,33
#6887494452: 48,41,51,23,3,10,34,15,28,60,11,6,56,32,39,25,64,46,18,27,61,2,43,30,53,49,13,58,57,20,29,44,21,36,45,8,7,52,16,12,35,22,63,4,38,47,19,1,40,26,33,9,59,54,5,37,50,31,55,62,42,14,24,17
#6941744304: 52,44,9,8,47,32,59,46,3,37,11,45,31,48,15,30,38,16,22,55,25,1,51,53,39,60,4,29,2,58,24,42,23,41,7,63,36,61,5,26,12,14,64,40,10,43,49,27,35,50,17,34,20,54,28,62,19,6,33,18,57,56,21,13
#6945655223: 37,7,24,57,56,23,4,29,39,31,60,63,35,51,20,15,38,12,3,52,44,59,11,17,18,22,1,40,19,33,55,49,16,10,32,46,25,64,43,47,48,54,6,21,13,62,53,27,50,45,14,30,2,5,34,26,36,61,42,9,8,41,58,28
#7053880798: 16,35,23,25,33,62,48,61,60,19,10,53,13,59,38,37,7,18,21,20,14,43,1,9,24,36,50,39,8,54,2,34,31,63,11,57,26,15,29,41,56,64,22,51,45,44,47,58,28,27,6,52,12,55,46,5,4,17,3,32,40,42,30,49
#7059745869: 64,7,31,17,15,42,47,38,8,29,37,53,62,24,52,25,35,5,11,32,45,44,4,6,56,63,39,19,55,22,16,51,14,49,43,10,46,26,2,9,59,61,21,20,33,54,60,30,40,13,41,3,12,28,36,57,27,18,23,50,48,34,58,1
#7113223511: 18,50,9,31,59,43,14,2,55,38,26,25,52,29,1,19,48,57,11,49,61,30,37,42,53,5,21,62,24,45,33,7,58,32,20,41,3,44,60,12,23,28,35,4,16,54,8,17,46,64,36,13,40,39,27,10,63,51,22,6,34,56,15,47
#7147595346: 50,7,13,30,53,57,59,17,18,41,14,34,37,56,5,39,11,49,38,45,22,32,44,10,3,36,42,2,46,25,61,64,1,4,40,19,63,23,29,62,55,21,33,43,20,27,16,54,26,60,9,28,31,51,24,47,48,6,8,12,35,52,58,15
#7194982358: 62,18,50,44,34,38,11,30,49,7,17,56,1,20,32,36,12,14,63,57,37,52,10,24,26,60,23,4,6,25,19,43,22,46,40,59,61,42,5,39,41,55,13,28,8,2,51,53,29,33,45,64,9,48,58,16,35,54,27,31,21,15,47,3
#7205285345: 36,63,24,53,34,30,40,52,6,43,7,32,60,56,37,15,8,10,3,19,23,26,1,18,20,54,4,51,48,44,27,16,49,38,21,17,14,61,11,45,47,64,39,42,46,62,55,57,50,28,9,5,33,58,22,59,13,25,35,31,12,41,2,29
#7252635385: 42,64,18,16,57,43,9,46,30,3,28,51,48,36,24,4,10,45,26,50,33,25,12,58,38,21,6,2,60,31,11,13,52,54,34,5,63,59,44,27,7,53,40,32,15,39,20,55,61,41,29,17,14,37,62,35,19,56,22,8,49,47,1,23
#7270611209: 48,8,33,14,50,56,3,43,53,16,40,19,47,38,11,20,36,31,4,55,2,35,58,64,39,52,23,28,60,41,44,59,6,21,24,5,37,42,13,26,1,7,30,63,10,61,34,29,45,54,27,18,46,25,49,12,22,62,9,15,51,32,57,17
#7468116024: 6,43,61,34,41,32,40,2,35,11,9,37,48,3,27,55,23,15,52,44,47,64,26,58,57,19,53,29,20,5,49,51,14,16,60,45,36,12,46,8,7,39,1,18,21,13,50,42,10,38,62,17,28,56,54,30,63,25,33,24,31,4,22,59
#7513823762: 47,19,54,8,45,1,10,6,48,30,27,33,29,40,53,49,43,39,62,51,58,23,15,37,63,34,9,4,24,21,13,5,60,52,44,41,61,56,31,2,28,50,42,7,14,3,26,22,16,12,25,36,32,38,35,17,59,55,64,20,57,11,46,18
#7584129849: 26,35,62,20,41,12,13,60,50,25,48,8,55,58,28,29,44,9,51,1,2,38,11,34,47,22,6,19,16,4,23,33,32,42,61,49,46,59,43,18,31,54,27,63,64,14,56,21,36,37,7,10,57,17,40,15,5,52,53,24,45,3,30,39
#7611663708: 4,21,36,26,22,11,37,31,63,23,53,64,50,3,16,52,35,46,33,48,38,9,59,60,57,10,24,51,25,7,18,20,45,47,58,40,14,41,55,8,5,6,56,27,17,32,19,30,13,49,62,15,1,12,42,2,34,28,54,43,39,29,44,61
#7680811172: 46,50,32,17,1,8,31,29,60,37,2,21,52,55,45,39,24,27,54,4,40,58,51,49,23,9,3,59,30,47,43,12,53,22,18,35,6,62,56,42,16,14,7,25,61,11,38,41,26,20,10,13,44,63,28,5,36,34,57,64,48,33,15,19
#7735547628: 39,43,48,4,54,2,21,12,14,46,50,57,58,37,31,35,49,29,20,9,3,55,25,6,32,52,60,24,18,38,1,42,23,64,27,47,41,5,13,33,59,40,10,62,56,45,36,16,30,34,28,7,8,15,19,51,53,44,63,11,61,17,22,26
#7793533767: 59,32,21,28,63,4,27,45,23,46,60,13,7,39,36,11,16,51,18,22,55,3,24,31,12,57,64,48,15,56,40,30,35,25,9,50,17,1,8,53,34,41,62,10,43,47,14,49,54,29,26,58,52,5,19,42,20,38,61,2,37,44,33,6
#7831408281: 21,15,46,18,14,28,64,55,48,12,45,56,11,59,2,32,36,52,16,23,40,39,62,4,24,5,58,35,8,34,22,38,27,43,31,57,30,7,60,41,61,3,26,25,42,49,13,29,33,63,6,54,9,20,53,17,10,1,37,51,47,19,50,44
#8001745007: 13,60,27,41,45,32,61,28,3,25,7,12,22,18,15,51,55,26,57,36,59,9,54,34,44,16,64,23,30,63,19,17,48,46,2,35,42,1,49,21,31,11,56,6,29,8,39,10,14,50,47,43,53,58,40,62,37,4,33,20,24,38,5,52
#8049683274: 32,13,51,54,39,6,64,45,19,40,34,8,9,3,48,41,49,18,43,58,15,10,53,23,28,5,61,30,44,2,29,38,27,36,63,21,35,4,60,37,42,12,55,50,7,22,47,16,24,17,62,56,57,31,25,46,20,1,59,26,11,14,52,33
#8203290397: 20,8,58,14,41,43,48,4,60,28,53,49,9,35,33,11,34,25,29,3,23,46,47,39,64,44,27,55,13,59,63,15,50,2,6,52,10,38,21,1,26,18,19,42,62,36,40,31,54,32,30,56,16,12,37,5,61,17,22,24,51,7,57,45
#8275723860: 37,41,14,15,13,57,42,64,43,19,5,2,48,47,31,11,6,56,61,58,25,26,38,32,44,30,3,53,45,55,16,29,36,49,10,20,12,62,35,21,33,27,39,40,7,4,9,59,54,34,18,17,63,60,46,22,1,23,8,52,50,51,24,28
#8332557447: 2,30,45,57,42,53,6,25,21,37,17,41,55,56,27,4,14,31,3,47,46,50,16,64,39,32,13,58,54,29,43,5,60,22,36,11,7,52,33,26,1,49,15,19,18,62,34,51,61,38,9,10,24,48,28,44,40,59,12,23,8,20,35,63
#8398618840: 25,7,57,14,42,27,45,50,41,1,62,46,13,33,6,28,17,22,49,55,47,54,9,39,60,30,44,4,53,2,36,34,31,29,63,12,61,21,35,5,26,56,11,18,10,16,43,48,37,59,32,52,19,3,64,24,15,20,38,23,51,8,58,40
#8417714101: 55,51,27,41,13,59,45,21,47,17,1,33,36,42,5,4,15,19,58,49,34,26,63,3,35,43,9,12,8,37,11,25,40,54,28,57,53,56,22,30,62,2,39,31,16,7,46,50,61,60,23,29,32,64,48,18,44,20,6,52,24,38,14,10
#8520648980: 3,41,51,18,52,63,32,58,37,20,44,34,23,17,29,38,22,5,53,1,8,9,55,16,50,19,39,25,35,11,59,61,4,6,54,30,40,26,46,15,49,10,56,57,64,12,60,43,27,36,48,42,31,21,45,28,7,33,2,13,47,14,24,62
#8729022921: 27,55,19,25,16,26,41,8,5,62,28,63,52,17,29,22,64,15,61,20,47,44,42,31,51,9,7,59,12,30,32,11,54,33,35,53,6,58,56,14,34,23,21,18,45,4,50,1,43,36,48,13,2,37,3,60,57,24,39,49,40,46,10,38
#8746595198: 47,64,44,29,15,43,10,24,16,42,56,3,14,19,26,57,53,4,35,38,20,33,40,60,6,54,31,2,7,48,28,52,13,37,17,58,63,34,11,59,5,25,32,45,27,30,61,12,8,39,46,51,62,9,23,49,41,55,22,50,36,21,1,18
#8792142052: 18,39,46,54,6,63,29,57,38,13,20,16,10,25,28,56,51,30,1,62,31,21,17,24,15,7,43,61,53,32,60,42,23,5,33,12,4,22,58,50,41,48,44,34,3,64,35,14,9,37,40,55,49,45,52,27,8,36,2,59,11,19,26,47
#8864091899: 21,3,13,37,12,27,45,60,25,32,22,57,9,49,47,55,58,36,24,64,51,30,54,4,48,42,15,26,6,31,46,63,2,19,34,59,39,50,23,17,61,11,35,14,1,41,29,7,10,18,16,56,8,43,33,40,5,20,38,53,28,52,62,44
#8938763512: 26,57,27,13,47,16,41,25,9,62,20,10,63,29,48,7,59,61,53,37,34,1,11,42,5,19,33,30,50,22,14,21,44,51,43,15,35,32,46,60,23,54,64,31,28,12,4,6,58,17,36,2,55,45,3,56,40,24,49,18,52,38,8,39
#8961733423: 21,8,15,19,43,53,49,58,24,28,2,26,35,14,62,64,45,11,36,59,23,34,33,60,18,17,38,56,61,52,25,55,10,40,13,4,9,27,48,47,5,32,31,42,6,29,54,20,1,3,51,30,39,63,37,41,7,16,12,22,46,50,57,44
#8969917034: 8,44,26,9,31,47,46,11,49,61,41,6,3,42,2,36,25,43,48,64,45,33,51,38,60,55,53,13,30,28,15,7,58,50,37,35,52,12,10,5,27,14,32,20,1,17,22,40,29,63,23,62,59,24,4,16,54,19,18,34,56,39,21,57
#9003252033: 41,13,3,54,39,61,42,8,29,50,35,20,55,16,7,37,40,9,21,47,33,22,27,63,59,31,12,60,64,14,17,19,46,48,51,1,5,53,34,6,2,38,43,32,18,44,56,25,28,58,49,10,45,30,15,36,57,23,4,26,11,62,52,24
#9008950968: 22,20,29,61,64,17,25,34,24,62,8,49,53,32,28,7,9,5,44,13,42,11,59,50,46,30,51,26,27,2,55,47,18,10,63,38,39,14,35,19,15,6,54,23,52,21,60,56,58,37,33,12,16,57,3,41,31,40,48,1,4,36,45,43
#9023071147: 37,9,55,2,43,30,47,31,5,24,14,59,11,45,33,25,57,50,53,48,21,4,58,39,49,62,13,19,36,64,42,27,38,23,1,29,46,52,3,16,26,7,61,44,17,12,15,8,40,32,20,54,6,51,41,60,34,18,35,22,63,10,56,28
#9178134005: 34,13,60,32,12,36,21,51,45,63,30,4,7,22,9,57,49,64,54,17,25,47,19,26,6,41,28,23,3,50,38,10,55,27,15,62,42,37,24,59,39,46,18,40,48,11,1,16,8,56,43,58,61,35,2,20,14,44,29,53,33,5,52,31
#9203001839: 31,54,30,55,6,14,7,61,21,38,49,28,41,3,20,56,12,39,5,48,57,19,43,18,63,42,13,64,50,33,25,29,36,40,32,15,1,52,23,2,47,22,46,8,17,60,26,53,9,45,62,24,37,16,27,44,4,58,51,59,10,35,11,34
#9275696769: 58,14,46,42,57,24,17,36,20,13,56,61,16,63,38,10,12,18,28,32,6,1,11,34,40,26,5,50,62,30,44,22,43,21,35,3,15,60,39,25,31,54,64,59,33,37,47,53,55,27,2,49,4,9,52,45,29,48,41,8,23,19,51,7
#9348774827: 10,19,31,53,20,30,61,47,50,9,8,49,28,63,60,24,26,22,14,59,36,33,11,17,21,27,58,1,23,25,62,13,52,3,40,42,64,7,38,44,48,54,32,29,6,51,43,39,41,5,2,37,16,57,56,15,18,4,35,45,12,34,46,55
#9350107769: 23,15,6,21,57,27,13,11,47,58,41,40,12,56,45,28,51,30,63,64,36,62,46,16,5,17,10,26,34,43,61,32,33,4,22,31,39,55,48,60,49,19,3,29,1,2,35,14,37,20,9,53,25,24,7,18,54,52,38,8,44,59,50,42
#9386211087: 28,42,53,26,61,64,29,27,13,9,18,7,2,48,3,59,41,50,33,25,45,19,44,34,5,51,8,54,10,49,22,35,30,43,16,55,11,57,14,60,31,21,46,20,40,32,15,24,6,62,17,63,58,47,56,52,38,36,1,4,39,12,23,37
#9433267858: 52,50,34,57,45,7,30,14,43,12,41,16,27,17,1,2,55,23,56,29,26,19,59,28,60,3,61,44,54,40,18,33,32,47,25,11,21,4,62,5,37,6,46,39,36,9,42,10,63,64,48,38,49,24,53,22,51,35,58,20,8,31,15,13
#9459200785: 54,38,60,21,41,22,2,29,17,10,26,59,23,50,8,28,64,47,14,49,4,25,32,52,34,12,20,58,62,19,30,56,9,35,46,3,7,45,53,31,13,33,40,61,16,51,18,1,37,57,15,42,6,39,55,48,36,63,43,24,44,5,27,11
#9480658821: 24,3,56,36,57,23,21,10,35,50,26,64,13,48,12,46,22,25,45,61,34,32,7,60,37,11,2,38,59,14,47,16,49,18,51,6,27,63,54,28,5,58,33,31,4,20,40,43,19,53,17,52,1,39,15,30,55,44,42,8,29,9,62,41
#9483534809: 58,48,34,20,35,55,4,37,14,54,46,23,49,3,25,1,33,43,15,59,41,9,8,2,38,53,13,29,60,26,18,21,44,47,39,5,36,52,12,27,63,57,56,24,6,50,22,32,64,40,62,16,42,19,11,51,28,61,10,30,45,31,17,7
#9531028148: 59,22,18,32,61,11,41,31,23,64,3,36,28,52,49,10,39,30,12,2,56,46,45,14,7,15,40,17,44,8,38,5,60,27,57,21,48,25,50,58,51,20,19,9,63,53,35,26,55,16,13,37,29,62,1,42,34,24,54,4,33,47,43,6
#9535465443: 54,45,17,29,64,50,39,6,38,9,33,21,46,37,31,10,61,3,40,13,49,12,5,2,35,23,7,51,47,43,41,57,8,24,22,18,14,58,42,30,63,60,53,16,52,25,62,4,55,34,28,19,44,32,56,27,59,26,15,1,36,48,20,11
#9540716157: 39,11,52,57,55,37,14,18,40,21,53,35,3,48,29,61,5,7,6,22,34,49,38,19,42,33,24,45,15,1,9,2,63,56,64,50,20,41,32,23,46,27,16,31,43,59,58,60,4,36,17,62,30,12,44,25,47,51,28,10,8,13,54,26
#9624354140: 59,55,45,16,12,8,31,33,44,40,35,19,56,39,48,7,50,1,36,4,28,2,47,3,43,52,41,11,27,23,51,60,5,14,42,38,54,24,13,22,62,18,63,37,61,29,64,15,58,17,26,9,46,30,25,21,32,34,57,53,49,20,10,6
#9632673722: 46,21,10,34,1,26,49,8,18,52,17,23,61,63,50,33,56,25,45,38,53,43,41,30,37,36,6,51,3,11,58,5,60,7,54,62,14,59,29,28,35,24,22,12,27,20,40,9,32,15,2,4,42,48,13,47,57,16,39,64,31,55,44,19
#9805229017: 45,34,24,43,17,1,57,6,26,62,56,10,28,46,23,7,53,61,25,35,27,33,18,44,29,11,60,49,63,15,14,52,13,51,50,2,16,5,54,36,21,47,32,38,30,40,4,12,58,42,19,37,55,9,3,39,59,8,64,48,22,41,31,20
#9837920204: 29,46,1,15,48,25,55,45,2,49,13,34,58,37,35,26,33,6,41,3,60,61,43,47,14,12,54,38,57,56,44,23,42,21,9,8,27,11,53,51,18,22,4,5,62,24,59,32,39,30,28,7,31,52,16,63,20,10,40,17,50,64,19,36
#9871733899: 51,41,28,8,21,46,11,63,35,50,7,3,36,49,56,61,17,10,40,23,18,12,38,52,33,60,1,31,20,43,6,26,39,59,22,45,34,64,5,32,13,27,53,47,42,25,55,48,4,9,16,29,62,58,15,30,2,54,19,44,57,37,24,14
#9908881730: 10,18,54,17,49,6,56,38,35,63,42,40,15,29,64,21,28,45,3,26,51,22,13,12,19,41,57,31,5,33,58,61,4,7,32,60,34,8,24,46,53,52,43,14,39,62,20,37,44,1,36,50,25,23,2,30,27,9,59,16,48,11,47,55
#10025289933: 19,47,48,22,25,5,13,62,64,33,29,58,59,16,23,34,41,10,50,9,12,27,21,30,28,26,11,20,57,51,63,61,4,2,14,8,45,54,39,37,35,44,38,53,56,15,55,24,31,42,49,6,7,36,32,1,3,52,60,40,43,17,18,46
#10161928789: 25,42,33,3,37,55,13,59,12,60,54,22,49,8,31,4,41,14,45,38,35,17,9,63,44,64,26,29,18,19,15,58,7,50,46,47,36,39,1,21,2,56,48,30,27,20,51,24,61,34,57,16,43,11,5,53,6,52,10,28,62,32,23,40
#10161972849: 2,27,11,47,29,49,24,17,62,35,56,33,64,50,51,19,42,8,21,13,31,58,10,28,60,22,4,26,12,45,40,6,59,25,20,53,39,61,43,5,37,55,7,34,52,44,57,23,46,14,15,1,32,9,30,3,48,41,16,36,18,54,38,63
#10222214733: 13,32,34,54,25,59,3,56,27,12,46,8,50,10,51,4,23,22,58,44,39,28,47,41,63,16,64,20,17,60,30,36,29,35,5,48,45,1,49,2,24,18,37,26,21,7,43,42,61,14,55,15,57,19,53,38,9,62,6,40,11,31,33,52
#10226846338: 20,4,15,51,52,44,35,46,40,33,10,64,2,23,56,31,39,47,54,7,22,48,8,62,12,6,24,38,36,37,60,16,49,5,28,29,27,41,59,53,3,57,17,43,58,11,18,26,34,9,42,63,1,55,32,25,19,30,21,13,14,50,61,45
#10333487501: 31,41,1,54,44,18,27,55,52,14,60,16,42,61,6,29,12,17,37,3,46,9,20,57,58,2,43,50,32,35,26,40,25,39,30,33,15,22,63,7,8,45,56,19,62,28,48,53,36,59,4,23,49,5,51,13,10,38,47,21,11,64,24,34
#10342856329: 53,20,43,64,10,36,24,54,21,47,7,28,9,46,42,15,5,4,63,8,32,31,39,25,48,49,27,59,52,30,51,62,3,14,35,13,6,38,16,17,40,26,34,33,57,2,61,60,50,23,19,56,37,58,18,44,11,41,29,55,1,22,45,12
#10441338938: 48,38,43,2,31,7,4,52,25,23,50,30,18,8,56,45,55,51,44,54,59,53,3,1,37,24,32,36,60,26,16,19,46,49,39,5,29,33,41,28,64,62,12,6,11,21,14,10,20,9,57,47,35,15,42,40,13,61,58,34,63,22,27,17
#10447192175: 50,5,13,64,17,29,41,40,33,12,54,39,9,59,21,37,31,20,23,47,38,10,49,61,30,3,46,51,58,22,8,2,63,57,43,7,14,19,62,35,4,16,55,27,18,42,45,34,28,44,6,56,26,11,53,32,25,24,36,48,1,52,60,15
#10519497974: 18,12,31,30,19,33,39,57,64,4,23,22,27,62,6,41,63,58,60,48,13,25,36,49,11,10,9,50,37,51,45,21,44,20,14,28,15,56,55,54,16,29,40,52,17,5,7,2,24,59,3,38,43,42,61,1,8,26,32,46,35,34,53,47
#10532358718: 64,37,54,38,33,55,29,35,19,20,3,14,15,59,9,2,42,49,17,13,44,4,34,18,53,40,39,57,22,5,24,7,58,41,60,43,8,26,25,12,47,31,61,21,52,48,16,23,63,56,6,50,51,62,45,46,30,36,10,32,27,11,28,1
#10562728004: 20,14,26,33,10,16,61,24,56,31,5,50,54,36,22,46,63,62,12,8,27,48,64,52,58,6,25,23,44,35,28,47,18,37,30,21,42,40,59,7,13,1,17,38,57,53,3,2,19,43,29,11,15,60,34,9,41,4,49,55,32,39,51,45
#10681287366: 1,47,35,32,37,34,16,21,13,61,3,50,53,56,54,20,59,39,2,23,58,17,57,29,43,5,41,25,10,27,19,51,14,46,38,55,40,24,60,22,36,8,48,7,42,63,26,6,45,11,9,12,15,62,4,52,44,49,31,28,33,30,18,64
#10720515621: 59,35,55,29,27,4,15,16,18,24,58,33,64,28,46,3,44,8,40,22,17,51,31,11,42,60,45,12,56,52,26,63,2,39,13,9,53,20,5,23,54,34,14,48,43,25,57,21,62,19,37,1,32,7,41,47,49,50,61,38,36,10,30,6
#10728698848: 32,30,3,59,10,50,47,25,60,41,8,12,23,52,14,43,28,34,46,26,7,38,45,64,44,36,16,63,11,9,61,17,48,4,56,54,2,49,29,21,1,20,27,58,39,19,31,37,22,51,13,42,53,57,24,5,40,18,15,55,6,62,35,33
#10738156122: 32,61,37,60,46,22,13,34,2,20,50,35,42,3,39,21,38,8,64,9,16,18,6,55,29,41,17,58,54,51,12,25,40,53,14,11,7,48,24,36,10,59,47,49,56,1,57,27,44,26,62,23,30,15,45,63,31,52,43,19,5,28,4,33
#10775623086: 57,63,14,31,38,22,53,18,26,13,16,10,29,59,35,15,7,32,44,1,41,17,56,62,61,23,25,46,60,54,28,20,45,37,11,5,19,40,42,4,3,9,48,24,64,21,33,58,50,30,6,36,55,49,52,39,47,12,43,27,34,51,2,8
#10824336108: 48,10,7,36,47,53,39,15,59,20,57,25,3,30,19,23,2,31,54,60,43,56,28,41,4,27,52,44,51,33,16,1,64,49,32,14,21,13,38,61,24,37,9,22,5,11,34,63,42,46,35,62,40,8,45,6,50,26,12,18,29,58,55,17
#10943022502: 50,13,5,63,29,10,28,30,32,56,24,25,54,46,14,20,31,26,53,57,62,4,27,22,44,47,23,49,58,6,1,17,48,64,59,7,16,42,18,21,43,38,61,3,8,12,39,34,45,51,19,11,40,41,9,33,35,37,55,36,2,60,52,15
#11042337883: 29,62,53,41,18,44,30,6,19,51,7,49,22,13,60,34,10,48,33,45,63,11,8,4,15,9,39,37,1,23,40,38,27,25,42,64,28,26,56,50,61,57,54,2,20,32,17,55,31,5,52,43,16,58,14,46,59,35,21,47,24,12,3,36
#11044464726: 26,4,54,18,30,23,25,53,6,51,49,55,33,44,62,5,43,24,46,56,17,8,2,34,58,50,45,1,13,37,27,29,36,38,28,52,64,20,15,7,31,63,57,48,9,19,41,22,60,3,21,32,10,16,14,59,12,40,42,35,47,11,61,39
#11064881153: 17,12,34,20,58,62,37,14,56,26,19,38,59,1,41,21,22,42,33,18,55,16,61,11,60,63,15,8,36,25,35,13,52,30,40,29,57,50,2,5,54,4,49,10,47,32,23,43,44,24,64,6,27,46,39,9,51,28,3,7,45,31,53,48
#11135815217: 29,53,11,1,39,48,56,14,58,21,62,35,23,13,28,24,38,25,16,10,33,47,63,61,6,57,34,5,46,15,43,20,45,22,50,19,60,31,8,59,4,2,18,32,55,49,40,27,41,37,52,42,30,3,44,7,51,9,17,26,64,54,12,36
#11221316836: 42,37,48,10,36,4,43,64,15,7,6,41,11,57,44,27,52,45,32,18,56,49,5,53,25,30,51,3,39,31,46,63,2,19,34,26,62,14,35,40,12,60,16,9,47,33,20,13,38,21,8,54,24,59,58,50,1,22,61,29,55,17,28,23
#11283333123: 19,21,38,17,64,13,54,61,24,14,47,31,26,53,56,6,45,32,37,3,36,63,40,22,15,8,16,5,7,23,10,30,35,55,42,58,60,49,57,50,43,25,2,29,62,28,33,20,59,9,12,39,34,18,51,41,4,11,52,1,48,27,44,46
#11375831264: 48,11,32,22,20,62,24,42,28,52,12,56,6,1,55,63,15,4,57,27,31,40,49,47,35,39,5,29,19,51,58,44,21,7,14,46,36,60,26,30,18,16,25,34,38,8,61,50,2,10,64,59,9,53,13,37,23,41,3,45,43,33,54,17
#11508531182: 34,35,21,25,4,43,64,62,42,26,13,7,11,27,50,59,20,63,36,5,32,57,9,41,51,10,19,47,49,17,37,12,53,28,48,16,18,46,55,14,24,56,8,33,60,29,2,45,6,15,38,54,58,52,39,23,3,1,22,61,40,44,30,31
#11558343302: 6,61,35,21,32,42,11,27,56,22,20,55,47,53,58,60,13,2,31,25,28,36,26,46,3,8,1,49,24,15,17,14,51,48,50,41,16,64,57,62,19,39,29,37,40,34,63,52,5,7,12,18,10,45,43,9,38,54,23,33,44,30,4,59
#11564856025: 49,47,23,11,29,2,14,34,4,56,28,55,53,24,60,22,19,26,57,35,1,33,52,58,59,44,40,27,45,62,17,50,15,48,3,20,38,25,21,6,7,13,32,64,30,8,39,46,43,5,41,12,10,37,9,61,31,51,63,36,54,42,18,16
#11585223252: 17,36,43,33,37,63,6,57,58,26,3,60,47,13,21,23,51,16,4,27,20,50,12,31,40,11,1,55,19,35,41,56,9,24,30,46,10,64,54,25,34,53,15,45,38,61,49,14,42,44,52,18,5,62,39,7,8,59,2,28,32,22,29,48
#11713268687: 37,60,7,9,59,41,26,21,33,34,20,50,10,22,14,53,54,48,8,62,30,19,27,23,61,47,25,2,13,36,64,49,16,1,29,52,63,40,18,4,42,38,46,35,3,57,17,11,12,51,43,55,15,45,31,32,44,39,24,6,56,58,5,28
#11751984455: 19,9,52,35,24,2,48,42,53,49,51,6,45,4,33,38,60,21,7,36,18,37,62,43,55,39,11,15,57,64,34,25,40,31,1,8,50,54,26,10,22,3,28,47,29,58,44,5,27,32,61,20,59,14,16,12,23,17,63,41,30,13,56,46
#11765993642: 28,60,33,63,18,25,39,8,55,19,34,59,45,1,27,16,9,41,13,7,36,54,14,44,30,15,61,3,43,48,53,23,42,12,17,22,62,4,50,35,21,51,11,29,58,52,24,56,49,38,64,20,6,31,46,10,57,26,40,47,2,32,5,37
#11772723274: 35,33,62,46,56,51,15,17,1,13,28,10,29,40,59,34,42,22,12,63,7,18,8,61,20,54,27,5,21,41,26,16,49,39,24,44,60,38,11,45,4,57,47,58,2,53,43,23,31,6,25,36,55,37,52,64,48,50,14,9,19,3,32,30
#11805543031: 32,41,61,3,39,19,8,53,59,45,18,14,16,37,17,52,10,15,40,30,36,44,42,5,63,31,56,54,58,38,22,64,1,43,27,7,11,9,34,2,60,23,21,29,35,25,50,55,13,48,28,49,51,47,20,6,12,57,46,26,62,4,24,33
#11863041168: 42,32,56,20,19,1,55,18,49,44,37,2,57,4,17,40,7,50,34,54,29,27,35,60,39,53,13,41,51,3,59,22,43,6,62,14,24,52,12,26,5,30,38,36,11,31,15,58,25,48,61,8,63,28,21,16,47,10,64,46,45,9,33,23
#11875005666: 3,40,55,7,48,41,35,20,11,42,28,50,56,49,1,39,52,31,29,44,27,53,8,43,5,14,2,61,47,33,19,59,6,46,32,18,4,63,51,60,22,57,12,38,21,36,34,13,26,64,16,9,15,37,23,54,45,30,24,17,58,10,25,62
#11983466229: 56,10,11,33,52,36,15,40,5,48,28,22,23,20,61,63,57,38,46,12,14,44,39,31,7,59,1,16,62,41,47,35,30,18,24,3,49,64,6,58,34,26,21,51,53,19,27,8,2,4,45,42,43,37,17,60,25,50,29,13,32,54,55,9
#12043402183: 55,23,40,57,46,50,16,12,22,5,3,27,64,48,44,26,28,59,35,20,14,4,11,32,24,34,7,52,47,36,2,9,56,63,29,18,13,58,31,41,33,54,61,51,45,30,6,37,39,21,17,1,38,62,60,43,53,49,15,19,8,25,42,10
#12111406123: 42,45,26,16,15,27,58,51,56,1,2,47,8,35,33,22,54,6,48,62,5,28,53,61,55,21,31,19,25,41,36,13,52,29,24,40,46,34,44,10,4,12,37,60,3,17,59,11,43,32,30,57,18,63,64,9,14,7,38,50,49,39,20,23
#12147611088: 15,53,49,19,34,5,42,9,54,52,36,62,18,33,43,45,35,1,7,4,27,14,21,55,63,48,28,59,25,24,39,57,8,26,41,40,6,37,17,2,10,44,51,38,61,58,64,30,20,22,32,47,3,29,13,11,56,23,60,31,46,16,12,50
#12164548683: 24,9,52,61,55,35,36,18,5,37,16,34,51,8,2,42,64,32,21,45,15,53,25,46,48,6,7,39,62,54,22,38,27,43,11,3,26,58,59,17,19,40,12,50,20,44,33,1,23,63,57,14,31,49,28,60,47,29,30,10,4,13,56,41
#12247300357: 5,25,50,21,36,53,46,14,49,55,18,1,11,37,48,52,22,4,63,33,57,59,38,3,7,41,39,42,30,34,56,45,20,9,31,35,23,26,24,58,62,27,6,8,32,2,61,43,13,17,28,54,64,47,10,16,51,19,12,29,44,15,40,60
#12260043988: 57,52,11,30,21,6,20,34,49,9,61,25,39,43,1,33,41,18,60,7,51,50,53,28,27,42,62,17,36,10,2,19,46,63,55,29,48,3,23,38,37,12,15,14,58,5,47,24,32,64,22,26,40,4,56,16,31,45,59,44,35,54,13,8
#12302280545: 48,8,12,52,25,51,1,30,58,32,29,3,31,44,42,50,54,37,24,47,26,22,56,2,60,16,27,61,6,46,10,20,45,55,19,59,4,38,49,5,63,9,43,39,18,41,28,11,15,23,21,34,62,36,33,7,35,64,14,40,13,53,57,17
#12370237487: 48,55,45,33,39,60,3,28,27,14,1,7,24,36,53,15,21,11,59,18,43,30,40,52,61,16,9,57,42,31,63,19,46,2,34,23,8,56,49,4,13,25,35,22,47,6,54,44,50,12,29,41,58,64,51,38,37,62,5,26,32,20,10,17
#12418157838: 34,3,56,36,42,28,40,7,26,12,13,6,35,64,24,49,45,54,63,14,61,32,50,27,10,57,44,43,17,18,46,60,5,19,47,48,22,21,8,55,38,15,33,4,51,2,11,20,16,41,1,30,59,52,53,39,58,25,37,23,29,9,62,31
#12439822308: 5,33,4,37,56,49,53,1,25,38,46,34,52,51,57,22,20,23,26,11,17,47,62,21,35,50,10,24,36,58,2,59,6,63,7,29,41,55,15,30,44,3,18,48,54,39,42,45,43,8,14,13,31,19,27,40,64,12,16,9,28,61,32,60
#12443431670: 63,59,20,30,49,21,4,43,24,29,42,11,50,27,33,18,25,62,34,1,39,52,10,28,12,8,48,7,5,9,46,51,14,19,56,60,58,17,57,53,37,55,13,26,64,31,3,40,47,32,38,15,54,23,36,41,22,61,44,16,35,45,6,2
#12537471855: 27,53,58,56,28,33,14,1,19,45,42,18,55,5,31,36,21,50,6,62,54,22,2,25,16,17,41,30,13,26,57,61,4,8,39,52,35,24,48,49,40,63,43,11,3,59,15,44,29,34,60,10,47,23,20,46,64,51,32,37,9,7,12,38
#12565514663: 27,45,62,18,6,24,58,48,40,8,50,51,46,12,11,9,30,52,31,42,32,16,21,2,37,5,43,55,1,61,26,29,36,39,4,64,10,22,60,28,63,44,49,33,23,34,13,35,56,54,53,19,14,15,57,25,17,7,41,59,47,3,20,38
#12594378338: 34,19,8,44,3,41,61,51,58,43,23,55,25,35,49,32,11,2,6,27,20,39,64,28,50,12,29,56,5,13,17,18,47,48,52,60,9,36,53,15,37,1,26,45,38,59,63,54,33,16,30,40,10,42,22,7,14,4,24,62,21,57,46,31
#12657390921: 56,19,37,27,26,21,7,64,51,12,29,61,20,42,62,6,48,16,33,2,47,24,22,10,50,25,30,31,60,11,57,52,13,8,54,5,34,35,40,15,55,43,41,18,63,32,49,17,59,3,23,45,4,36,53,14,1,58,44,39,38,28,46,9
#12821888053: 1,51,39,22,16,42,55,6,32,4,44,15,37,36,20,34,52,41,63,53,30,62,40,58,27,19,60,8,48,47,9,11,54,56,18,17,57,5,46,38,7,25,3,35,12,2,24,13,31,45,29,28,50,21,61,33,59,10,23,49,43,26,14,64
#12871114572: 55,43,8,17,47,13,4,34,14,30,53,39,7,56,41,60,40,42,44,32,63,3,27,29,1,37,45,19,59,49,54,15,50,11,16,6,46,20,28,64,36,38,62,2,33,21,23,25,5,24,9,58,26,12,35,51,31,61,52,18,48,57,22,10
#12932765485: 47,51,10,54,1,36,56,15,41,16,38,33,45,7,23,19,28,25,44,53,62,48,5,43,2,31,39,35,8,13,61,59,6,4,52,57,30,26,34,63,22,60,17,3,12,21,40,37,46,42,58,20,32,27,49,24,50,9,29,64,11,55,14,18
#12942372905: 31,22,60,16,54,50,38,30,6,17,2,51,39,42,3,57,24,21,64,56,12,32,7,25,10,36,45,61,19,52,47,37,28,18,13,46,4,20,29,55,40,58,33,53,9,1,44,41,8,62,23,26,14,63,48,59,35,27,15,11,49,5,43,34
#13029989176: 50,45,8,1,39,40,52,18,30,43,49,33,34,12,3,58,37,63,5,29,56,48,38,14,11,42,10,44,4,6,19,41,24,46,59,61,21,55,23,54,51,27,17,9,36,60,2,28,7,62,53,31,32,16,22,35,47,13,25,26,64,57,20,15
#13071452718: 12,25,7,59,43,36,9,24,45,3,50,61,35,47,55,38,13,23,34,46,44,51,60,37,11,2,39,1,33,16,48,57,8,17,49,32,64,26,63,54,28,5,14,21,19,31,42,52,27,10,18,30,4,15,62,20,41,56,29,22,6,58,40,53
#13115399688: 49,46,11,60,21,28,52,14,40,3,17,56,26,41,50,10,64,27,36,43,12,6,4,30,7,20,47,63,34,8,42,33,32,23,57,31,2,18,45,58,35,61,59,53,22,29,38,1,55,15,24,39,9,48,62,25,51,13,37,44,5,54,19,16
#13116569379: 18,42,13,56,2,12,30,17,62,43,34,51,54,39,32,10,64,40,8,24,37,44,20,5,36,50,49,58,59,38,19,4,61,46,27,6,7,16,15,29,60,45,21,28,41,57,25,1,55,33,26,11,14,31,22,3,48,35,53,63,9,52,23,47
#13126967630: 53,34,57,28,39,45,17,6,2,52,18,60,4,41,15,32,23,62,35,25,1,21,56,58,38,46,11,14,10,29,16,22,43,49,36,55,51,54,19,27,7,9,44,64,40,30,3,42,33,50,24,61,5,47,13,63,59,48,20,26,37,8,31,12
#13135093106: 35,21,42,40,3,8,58,46,14,29,64,34,15,11,5,61,37,47,22,45,48,59,56,52,33,12,2,10,41,38,49,39,26,16,27,24,55,63,53,32,13,9,6,17,20,43,18,28,4,60,54,50,31,1,36,51,19,7,57,62,25,23,44,30
#13137707035: 39,24,51,23,49,12,62,5,56,2,50,29,45,19,40,47,48,22,10,21,58,1,34,11,28,61,8,6,13,30,33,27,38,32,35,52,59,57,4,37,54,31,64,7,44,55,43,17,18,25,46,20,36,15,63,9,60,3,53,16,42,14,41,26
#13276849015: 45,13,41,46,14,17,12,57,28,60,54,3,50,64,18,40,26,33,6,29,23,10,16,30,63,38,22,61,34,21,7,9,56,58,44,31,4,43,27,2,35,49,55,42,36,59,32,39,25,47,1,15,62,11,5,37,8,53,48,51,19,24,52,20
#13343401720: 20,25,37,62,12,16,61,7,34,21,56,29,50,23,24,19,54,2,47,57,10,39,33,48,59,51,52,22,5,1,35,27,38,30,64,60,43,13,14,6,17,32,26,55,8,18,63,11,46,41,42,15,36,9,44,31,58,4,49,53,3,28,40,45
#13359473491: 50,5,4,47,40,54,14,59,36,27,48,19,32,53,13,26,22,21,24,58,20,57,28,16,1,55,34,42,56,35,3,63,2,62,30,9,23,31,10,64,49,37,8,45,7,41,44,43,39,52,12,33,46,17,38,29,6,51,11,25,18,61,60,15
#13401895937: 21,29,41,3,57,26,58,42,6,19,18,64,51,34,56,13,25,22,45,32,4,48,63,37,5,12,35,55,11,38,50,16,49,15,27,54,10,30,53,60,28,2,17,61,33,20,43,40,52,9,31,14,1,47,46,59,23,7,39,8,62,24,36,44
#13432276463: 34,50,45,44,5,19,51,42,9,40,39,16,10,63,47,58,1,37,48,6,8,22,33,3,61,13,24,35,53,36,11,27,38,54,29,12,30,41,52,4,62,32,43,57,59,17,28,64,7,18,2,55,49,26,25,56,23,14,46,60,21,20,15,31
#13479799464: 26,17,10,38,11,37,36,60,41,61,57,15,9,20,3,12,46,64,22,51,31,59,25,52,63,35,42,32,16,47,58,44,21,7,18,49,33,23,30,2,13,40,6,34,14,43,1,19,53,62,45,56,50,8,4,24,5,29,28,54,27,55,48,39
#13508000632: 32,48,16,22,50,2,39,3,24,18,61,25,10,53,31,51,9,36,58,60,44,46,64,28,57,54,6,27,30,45,13,42,23,52,20,35,38,59,11,8,37,1,19,21,5,7,29,56,14,34,12,55,40,4,47,41,62,26,63,15,43,49,17,33
#13545316093: 50,43,13,61,17,36,42,6,18,64,26,46,11,40,10,37,49,2,14,33,27,20,57,31,5,41,53,62,56,21,30,7,58,35,44,9,3,12,24,60,34,8,45,38,32,51,63,16,28,55,25,54,19,39,1,47,59,23,29,48,4,52,22,15
#13582349435: 23,57,48,31,16,5,27,6,54,10,14,35,61,56,32,45,21,40,47,22,62,46,28,36,2,24,58,50,26,13,1,12,53,64,52,39,15,7,41,63,29,37,19,3,43,18,25,44,20,33,9,4,30,51,55,11,59,38,60,49,34,17,8,42
#13616532455: 41,6,46,1,63,33,20,36,56,13,44,38,49,42,34,39,25,50,18,11,57,61,10,14,17,28,3,5,12,22,7,35,30,58,43,53,60,62,37,48,51,55,4,8,54,47,15,40,26,31,23,16,27,21,52,9,29,45,32,2,64,19,59,24
#13641782899: 20,40,56,29,27,4,53,18,60,58,21,19,39,3,33,49,59,8,2,48,10,54,15,24,43,64,37,30,23,13,14,31,34,51,52,42,35,28,1,22,41,50,11,55,17,63,57,6,16,32,62,26,46,44,7,5,47,12,61,38,36,9,25,45
#13643564640: 27,4,42,3,41,19,17,64,54,30,16,25,37,15,51,52,58,26,56,47,10,59,33,43,31,2,53,36,60,57,44,20,45,21,8,5,29,12,63,34,22,32,6,55,18,9,39,7,13,14,50,28,40,49,35,11,1,48,46,24,62,23,61,38
#13653752198: 25,47,61,29,15,55,12,60,21,9,23,37,20,64,34,16,14,63,38,22,3,19,35,17,54,26,52,32,6,8,41,58,7,24,57,59,33,13,39,11,48,30,46,62,43,27,2,51,49,31,1,45,28,42,56,44,5,53,10,50,36,4,18,40
#13662643289: 51,25,1,11,56,29,39,33,31,16,22,60,19,45,61,10,13,58,17,27,57,59,35,23,50,44,53,2,41,3,37,18,47,28,62,24,63,12,21,15,42,30,6,8,38,48,7,52,55,4,20,46,5,43,49,34,32,26,36,9,54,64,40,14
#13666102512: 16,52,9,50,37,22,36,64,4,31,44,8,40,63,7,38,32,54,53,19,18,26,45,55,14,5,3,35,23,41,48,6,59,17,24,42,30,62,60,51,10,20,39,47,46,12,11,33,27,58,2,25,57,21,34,61,1,29,43,28,15,56,13,49
#13727842782: 25,28,10,32,61,1,62,51,38,17,24,35,11,29,34,53,49,20,57,60,9,59,42,22,7,15,13,21,63,18,39,19,46,26,47,2,44,52,50,58,43,23,6,56,5,8,45,16,12,31,36,54,30,41,48,27,14,3,64,4,33,55,37,40
#13737690958: 62,17,18,41,55,23,13,51,36,35,50,2,27,5,45,8,31,58,21,46,26,37,12,11,64,32,43,56,40,4,49,6,59,16,61,25,9,22,33,1,54,53,28,39,19,44,7,34,57,20,60,38,63,15,30,29,14,52,42,10,24,47,48,3
#13741942204: 43,30,10,48,9,54,31,1,37,14,59,46,58,4,52,24,47,20,49,21,36,5,32,63,39,57,25,12,3,42,50,27,38,15,23,62,53,40,8,26,2,33,60,29,44,16,45,18,41,13,61,7,19,6,51,28,64,34,11,56,17,55,35,22
#13957544805: 44,56,12,4,48,20,58,10,54,34,50,29,23,30,47,19,13,32,40,2,22,28,59,14,41,60,39,16,57,1,3,27,38,62,64,8,49,26,5,24,51,6,37,43,63,25,33,52,46,18,35,42,36,15,31,11,55,7,45,17,61,53,9,21
#14082997819: 13,9,43,20,59,12,25,5,41,57,32,48,34,27,50,29,42,7,64,55,54,39,62,16,21,28,61,2,19,35,51,18,47,14,30,46,63,4,37,44,49,3,26,11,10,1,58,23,36,15,38,31,17,33,8,24,60,40,53,6,45,22,56,52
#14153309237: 16,28,19,29,31,56,58,63,21,1,57,14,40,17,52,61,33,39,24,30,5,18,20,11,55,22,38,12,62,50,6,42,23,59,15,3,53,27,43,10,54,45,47,60,35,41,26,32,4,13,48,25,51,8,64,44,2,7,9,34,36,46,37,49
#14169812424: 60,35,23,41,57,34,38,3,6,18,51,48,29,53,46,32,61,7,16,20,25,1,9,15,28,44,13,10,22,2,54,39,26,11,63,43,55,52,21,37,50,56,64,40,45,49,58,4,33,19,12,36,17,14,47,59,62,27,31,8,24,42,30,5
#14170740845: 29,25,52,50,37,63,21,58,3,9,45,16,34,19,60,1,27,10,51,22,35,26,8,54,24,47,4,17,42,59,53,33,32,12,6,23,48,61,18,41,11,57,39,30,43,14,55,38,64,5,46,31,49,20,56,62,7,44,2,28,15,13,40,36
#14186700144: 3,35,55,33,21,58,45,41,53,38,14,43,54,2,28,1,50,16,13,17,29,42,57,6,31,47,25,26,9,61,5,46,19,60,4,56,39,40,18,34,59,8,23,36,48,52,49,15,64,37,63,11,22,51,27,12,24,20,7,44,32,10,30,62
#14277559032: 18,35,58,54,51,36,25,1,42,39,4,32,2,24,59,27,20,44,46,43,5,62,37,13,16,31,15,56,8,48,55,12,53,10,17,57,9,50,34,49,52,28,3,60,22,19,21,45,38,6,41,63,33,61,26,23,64,40,29,14,11,7,30,47
#14434166509: 41,4,36,52,22,5,55,16,15,57,23,45,18,37,46,14,2,54,48,27,56,12,35,58,64,62,44,59,31,26,32,40,25,33,39,34,6,21,3,1,7,30,53,9,38,17,11,63,51,19,28,47,20,42,8,50,49,10,60,43,13,29,61,24
#14461687176: 41,61,46,5,25,28,14,17,44,56,38,64,29,10,58,26,8,23,12,52,11,49,35,2,33,34,3,47,20,43,6,50,15,59,22,45,18,62,31,32,63,30,16,54,13,53,42,57,39,7,55,36,1,27,9,21,48,51,37,40,60,19,4,24
#14581458673: 31,63,56,27,15,46,43,40,47,28,59,14,12,13,1,44,45,26,7,4,11,24,60,3,49,10,17,23,32,35,36,57,8,29,30,33,42,48,55,16,62,5,41,54,61,58,39,20,21,64,52,53,51,6,37,18,25,22,19,50,38,9,2,34
#14645720788: 44,6,3,49,40,13,27,56,47,10,28,15,57,43,33,51,23,41,30,29,20,31,5,64,58,46,53,63,26,54,61,48,17,4,11,39,2,12,19,7,1,60,34,45,36,35,24,42,14,32,22,8,50,37,55,18,9,38,52,25,16,62,59,21
#14678935199: 48,26,28,16,3,9,20,4,30,58,60,32,50,25,38,57,36,44,12,52,54,34,46,64,23,59,55,22,14,18,63,24,41,2,47,51,43,10,6,42,1,19,31,11,13,53,21,29,8,27,40,15,33,5,7,35,61,45,56,62,49,37,39,17
#14722143959: 45,8,14,50,22,39,41,5,42,54,13,62,38,1,31,16,25,59,18,58,35,19,32,37,61,48,63,55,36,9,44,12,53,21,56,29,10,2,17,4,28,33,46,30,7,47,6,40,49,34,64,27,3,52,11,23,60,24,26,43,15,51,57,20
#14732207021: 30,33,51,43,63,23,50,1,24,46,5,12,16,27,34,11,3,61,57,52,25,10,29,37,48,18,58,59,56,39,44,45,20,21,26,9,6,7,47,17,28,36,55,40,13,8,4,62,54,31,38,49,53,60,19,41,64,15,42,2,22,14,32,35
#14846189614: 50,54,42,49,18,29,40,57,33,38,61,2,48,20,10,19,1,24,7,12,31,6,13,14,39,43,30,9,37,21,62,5,60,3,44,28,56,35,22,26,51,52,59,34,53,58,41,64,46,55,45,17,63,4,27,32,8,25,36,47,16,23,11,15
#14862734925: 50,3,39,1,53,43,19,42,54,52,24,25,44,33,38,10,17,56,31,45,28,2,8,59,30,51,16,47,5,4,36,7,58,29,61,60,18,49,14,35,6,57,63,37,20,34,9,48,55,27,32,21,40,41,13,11,23,46,22,12,64,26,62,15
#14874369182: 61,20,21,48,18,16,11,24,13,42,58,35,59,33,57,1,12,46,25,50,51,10,60,27,62,9,39,2,37,34,36,43,22,29,31,28,63,26,56,3,38,5,55,14,15,40,19,53,64,8,32,6,30,7,23,52,41,54,49,47,17,44,45,4
#14877021477: 22,59,19,8,10,56,52,29,33,41,20,15,17,39,40,63,5,34,37,58,14,62,61,38,47,1,42,12,30,21,11,16,49,54,44,35,53,23,64,18,27,4,3,51,7,28,31,60,2,25,26,48,50,45,24,32,36,13,9,55,57,46,6,43
#14891707462: 57,4,19,27,30,12,56,24,40,21,16,54,36,33,55,17,15,63,51,3,18,34,64,45,43,23,59,52,39,60,28,58,7,37,5,26,13,6,42,22,20,1,31,47,62,14,2,50,48,10,32,29,11,49,44,25,41,9,53,35,38,46,61,8
#15150937826: 7,12,51,4,32,48,54,29,43,5,41,26,35,21,37,47,27,64,45,56,16,55,31,62,6,46,50,42,8,2,40,52,13,25,63,57,23,15,19,59,3,34,10,49,9,20,1,38,18,28,44,30,39,24,60,22,36,11,17,33,61,14,53,58
#15159590172: 59,21,54,51,24,26,62,25,22,32,57,10,23,5,9,17,47,4,37,45,29,13,12,16,46,38,50,63,7,34,30,64,1,35,31,58,2,15,27,19,49,53,52,36,20,28,61,18,48,56,60,42,55,8,33,43,40,3,39,41,14,11,44,6
#15202299738: 33,22,41,53,57,4,1,25,48,55,46,7,27,34,56,6,36,20,30,21,28,54,3,50,52,47,63,39,5,16,14,23,42,51,49,60,26,2,18,13,15,62,11,37,44,35,45,29,59,9,31,38,58,19,10,17,40,64,61,8,12,24,43,32
#15313673294: 26,12,3,49,61,48,51,19,25,56,11,37,21,41,36,18,63,23,50,33,57,13,27,5,22,58,1,35,6,31,10,20,45,55,34,59,30,64,7,43,60,38,52,8,32,15,42,2,47,29,24,44,28,54,9,40,46,14,17,4,16,62,53,39
#15398819317: 23,12,46,36,21,8,58,3,59,20,48,61,27,49,41,26,13,64,18,56,15,22,51,31,2,35,33,60,11,40,28,55,10,37,25,54,5,32,30,63,34,14,43,50,9,47,1,52,39,24,16,38,4,17,45,6,62,7,57,44,29,19,53,42
#15457820894: 55,38,28,31,61,3,32,14,58,11,49,19,6,47,41,15,23,17,57,22,44,25,13,30,60,29,53,2,64,26,45,56,9,20,39,1,63,12,36,5,35,52,40,21,43,8,48,42,50,24,18,59,46,16,54,7,51,33,62,4,34,37,27,10
#15472490945: 8,50,30,64,20,16,53,10,44,34,40,27,2,32,54,23,17,43,62,39,6,56,58,18,4,28,41,36,19,51,13,60,5,52,14,46,29,24,37,61,47,7,9,59,26,3,22,48,42,11,33,63,38,25,31,21,55,12,49,45,1,35,15,57
#15541162727: 58,54,32,21,60,19,37,4,12,35,13,25,47,51,49,48,26,29,2,23,8,55,34,22,1,3,50,41,27,56,6,20,45,59,9,38,24,15,62,64,43,31,10,57,42,63,36,39,17,16,14,18,40,52,30,53,61,28,46,5,44,33,11,7
#15578070972: 7,28,30,10,21,14,47,32,23,45,62,6,57,50,48,64,63,36,41,25,31,4,52,9,49,19,60,43,12,39,11,38,27,54,26,53,22,5,46,16,56,13,61,34,40,24,29,2,1,17,15,8,59,3,20,42,33,18,51,44,55,35,37,58
#15590474482: 15,62,27,6,47,46,29,43,8,49,35,21,24,60,28,58,51,2,26,4,17,40,53,13,31,45,23,64,10,11,33,9,56,32,54,55,1,42,20,34,52,12,25,48,61,39,63,14,7,37,5,41,44,30,16,57,22,36,19,18,59,38,3,50
#15662363579: 12,39,10,24,48,7,62,15,56,23,18,45,38,6,63,40,37,32,31,36,57,43,49,4,60,30,44,52,54,14,1,46,19,64,51,11,13,21,35,5,61,16,22,8,29,34,33,28,25,2,59,27,20,47,42,9,50,3,58,17,41,55,26,53
#15662679209: 61,41,36,32,10,53,23,14,11,3,34,63,38,5,39,19,57,50,43,9,37,17,45,25,6,49,58,64,30,21,18,13,52,47,44,35,1,7,16,59,40,20,48,28,56,22,15,8,46,26,60,27,2,31,62,54,51,42,12,55,33,29,24,4
#15676296206: 15,44,49,33,53,48,39,58,9,42,46,14,34,37,1,4,62,35,11,5,2,45,10,8,27,29,59,41,22,13,40,47,18,25,52,43,24,6,36,38,57,55,20,63,60,54,30,3,61,64,28,31,51,19,23,56,7,26,17,12,32,16,21,50
#15688350352: 14,26,36,59,28,41,2,10,45,56,52,50,12,43,62,8,30,25,7,61,47,46,42,16,11,17,21,5,33,38,1,34,31,64,27,32,60,44,48,54,49,23,19,18,4,58,40,35,57,3,22,53,15,13,9,20,55,63,24,37,6,29,39,51
#15695235677: 28,58,41,11,9,31,38,8,22,48,62,61,5,20,35,25,13,64,59,26,44,50,18,23,36,14,10,53,32,16,63,19,46,2,49,33,12,55,51,29,42,47,15,21,39,6,1,52,40,30,45,60,4,3,17,43,57,27,34,56,54,24,7,37
#15719151395: 32,62,18,30,29,60,37,58,31,21,9,13,59,8,11,1,14,27,17,50,43,46,40,42,39,16,55,53,24,45,61,63,2,4,20,41,12,10,49,26,23,25,19,22,15,48,38,51,64,54,57,6,52,56,44,34,7,28,5,36,35,47,3,33
#15723568793: 19,55,47,53,15,1,45,51,36,16,28,56,22,33,41,17,44,61,31,6,38,23,2,3,40,5,52,30,11,8,26,7,58,39,57,54,35,13,60,25,62,63,42,27,59,34,4,21,48,24,32,43,9,37,49,29,14,20,64,50,12,18,10,46
#15736305702: 27,29,9,46,45,60,14,1,48,23,62,40,43,16,4,11,30,47,15,33,31,28,58,63,57,52,55,39,41,12,6,21,44,59,53,24,26,10,13,8,2,7,37,34,32,50,18,35,54,61,49,22,25,3,42,17,64,51,5,20,19,56,36,38
#15795668537: 45,1,30,9,8,31,58,43,39,24,51,60,42,46,15,37,27,29,3,61,49,18,13,55,33,44,6,63,53,17,40,54,11,25,48,12,2,59,21,32,10,52,47,16,4,62,36,38,28,50,19,23,5,14,41,26,22,7,34,57,56,35,64,20
#15806850342: 58,31,42,17,3,43,53,30,14,24,50,5,13,57,16,39,36,6,64,40,10,38,56,20,61,63,28,18,21,33,46,11,54,19,32,44,47,37,2,4,45,9,27,55,25,1,59,29,26,49,8,52,60,15,41,51,35,12,22,62,48,23,34,7
#15819307998: 7,22,49,55,52,41,20,39,3,48,28,6,30,50,32,47,12,60,19,64,56,11,31,8,14,2,42,38,21,61,25,29,36,40,4,44,27,23,63,51,57,34,54,9,1,46,5,53,18,33,15,35,59,37,17,62,26,45,24,13,10,16,43,58
#15859665041: 37,3,47,14,50,9,49,53,34,32,29,58,57,41,4,48,13,39,22,35,1,60,20,6,46,2,55,21,38,23,25,11,54,40,42,27,44,10,63,19,59,45,5,64,30,43,26,52,17,61,24,8,7,36,33,31,12,16,56,15,51,18,62,28
#15875039901: 53,24,61,5,62,29,15,18,46,38,45,39,40,21,31,32,1,11,30,7,49,52,9,28,42,22,6,48,14,63,10,57,8,55,2,51,17,59,43,23,37,56,13,16,58,35,54,64,33,34,44,25,26,20,27,19,47,50,36,3,60,4,41,12
#15881780087: 12,42,52,54,34,10,14,38,28,9,63,17,22,61,44,7,62,8,40,29,41,16,59,33,45,30,50,1,19,5,26,47,18,39,60,46,64,15,35,20,32,6,49,24,36,25,57,3,58,21,4,43,48,2,56,37,27,51,55,31,11,13,23,53
#15902735919: 18,32,5,25,63,51,28,48,45,6,42,62,10,44,27,31,29,52,49,26,4,24,30,9,8,46,64,7,22,53,50,54,11,15,12,43,58,1,19,57,56,35,41,61,39,16,13,36,34,38,21,55,3,23,59,20,17,37,14,2,40,60,33,47
#15918796013: 61,38,52,22,36,15,56,18,30,2,21,24,33,5,64,19,49,59,40,12,8,17,37,31,54,3,42,51,26,7,45,55,10,20,58,39,14,23,62,11,34,28,48,57,53,25,6,16,46,1,60,32,41,44,63,35,47,9,50,29,43,13,27,4
#15929347835: 10,57,30,58,14,22,29,26,17,32,41,63,54,6,13,49,3,47,38,45,37,1,60,50,19,23,31,61,12,44,40,56,9,25,21,53,4,34,42,46,15,5,64,28,20,27,18,62,16,52,59,11,2,24,33,48,39,36,43,51,7,35,8,55
#15993950594: 40,27,59,39,49,46,29,57,2,11,17,14,9,10,60,58,18,35,34,3,13,44,45,37,1,53,42,24,61,22,50,33,32,15,43,4,41,23,12,64,28,20,21,52,62,31,30,47,7,5,55,56,51,48,54,63,8,36,19,16,26,6,38,25
Done. Generated 16000000000 centrally symmetric permutations of length 64, found 316 total 3-inflatable permutation(s).
